173.870
172.401
171.720
170.188
169.523
169.232
173.267
173.838
172.913
170.576
173.439
172.506
169.403
172.482
169.149
174.462
169.822
169.971
176.673
169.299
170.331
186.170
172.560
173.581
169.556
169.068
169.824
171.282
171.618
172.635
171.499
169.333
172.335
169.024
168.790
169.511
170.860
169.378
169.606
170.028
168.506
169.537
168.982
173.188
169.751
170.539
172.603
170.274
173.353
169.768
172.296
173.146
175.308
169.371
172.415
168.936
172.399
172.527
170.333
169.640
172.348
169.315
169.156
174.672
170.223
170.878
169.959
172.340
172.222
169.340
175.433
169.192
169.609
170.882
174.344
171.560
173.802
172.338
174.837
174.352
172.297
177.689
173.561
169.520
173.086
169.612
173.424
171.867
173.591
170.566
28.415
27.512
31.121
26.112
26.122
30.759
24.589
32.275
33.054
39.267
39.555
41.638
43.627
65.293
42.681
40.568
173.870
172.401
171.720
170.188
169.523
169.232
173.267
173.838
172.913
170.576
173.439
172.506
169.403
172.482
169.149
174.462
169.822
169.971
176.673
169.299
170.331
186.170
172.560
173.581
169.556
169.068
169.824
171.282
171.618
172.635
171.499
169.333
172.335
169.024
168.790
169.511
170.860
169.378
169.606
170.028
168.506
169.537
168.982
173.188
169.751
170.539
172.603
170.274
173.353
169.768
172.296
173.146
175.308
169.371
172.415
168.936
172.399
172.527
170.333
169.640
172.348
169.315
169.156
174.672
170.223
170.878
169.959
172.340
172.222
169.340
175.433
169.192
169.609
170.882
174.344
171.560
173.802
172.338
174.837
174.352
172.297
177.689
173.561
169.520
173.086
169.612
173.424
171.867
173.591
170.566
36.226
48.436
44.975
44.597
54.337
36.642
66.201
65.900
65.954
65.982
66.045
66.329
66.099
61.546
65.982
65.893
65.905
65.961
66.050
65.988
61.511
65.957
66.118
65.860
64.930
63.941
66.059
63.734
63.778
63.702
66.003
65.928
65.987
66.036
65.926
65.914
59.189
63.746
63.713
63.698
65.915
65.907
63.704
65.848
66.012
65.859
65.929
65.853
65.887
65.964
63.789
63.837
65.988
66.242
605.340
77.351
76.793
76.416
77.285
76.796
76.565
76.773
77.516
77.226
77.265
76.585
79.300
76.552
76.720
76.267
77.054
76.445
76.806
76.514
76.570
76.993
77.081
76.792
76.833
76.383
76.829
76.235
78.377
77.330
76.835
76.373
76.721
76.762
76.354
76.748
76.613
76.466
76.782
76.486
76.515
76.600
76.516
76.438
76.401
76.589
77.437
76.963
