172.506
169.403
172.482
169.149
174.462
169.822
169.971
176.673
169.299
170.331
186.170
172.560
173.581
169.556
169.068
169.824
171.282
171.618
172.635
171.499
169.333
172.335
169.024
168.790
169.511
170.860
169.378
28.415
27.512
31.121
39.555
41.638
43.627
172.506
169.403
172.482
169.149
174.462
169.822
169.971
176.673
169.299
170.331
186.170
172.560
173.581
169.556
169.068
169.824
171.282
171.618
172.635
171.499
169.333
172.335
169.024
168.790
169.511
170.860
169.378
36.226
48.436
44.975
44.597
61.546
65.982
65.893
65.905
65.961
66.050
65.988
61.511
65.957
66.118
65.860
64.930
63.941
66.059
77.516
77.226
77.265
76.585
79.300
76.552
76.720
76.267
77.054
76.445
76.806
76.514
76.570
76.993
