81.2
80.0
81.9
83.5
80.6
329
100
82.6
83.0
82.5
81.2
81.4
80.5
80.7
83.2
80.4
79.8
81.2
387
82.3
83.3
94.4
133
80.7
128
131
85.2
83.3
81.7
80.3
81.7
81.3
82.4
81.1
79.2
82.3
79.8
81.9
81.2
419
83.0
81.4
80.6
80.5
82.1
80.5
82.6
79.3
38.5
38.6
37.8
37.3
36.8
38.5
40.0
40.9
41.5
37.3
38.1
36.9
36.3
37.2
36.9
36.5
38.2
36.6
60.9
37.3
40.4
43.5
61.6
65.9
55.2
56.7
46.0
60.7
38.3
38.0
38.4
37.4
37.4
38.4
37.8
37.5
38.5
39.1
37.4
37.7
38.8
37.5
37.7
38.7
37.3
38.7
36.7
85.5
84.7
86.6
85.6
86.2
86.7
85.2
40.7
41.6
67.9
58.8
70.2
47.4
72.3
50.0
65.3
45.4
65.1
40.3
37.8
100
42.7
61.2
42.6
62.1
41.4
44.9
37.1
57.0
59.5
37.4
72.5
45.3
123
38.8
44.0
54.2
58.0
65.7
58.8
39.4
61.2
39.4
46.5
47.3
37.6
46.4
42.4
41.7
41.3
68.1
63.0
29.2
30.8
30.6
33.3
31.7
29.4
37.4
31.2
30.8
31.6
31.7
30.5
30.4
30.3
30.4
29.2
29.0
31.0
31.0
31.0
43.3
42.6
69.3
79.5
142
73.7
73.8
69.2
69.2
69.2
72.3
153
69.3
69.3
142
633
77.0
69.5
69.2
197
69.4
75.0
69.6
69.4
129
146
69.3
74.5
72.5
69.3
69.2
69.4
136
69.4
384
111
69.3
69.2
73.5
69.4
51.2
213
51.1
51.1
50.5
51.3
51.3
51.5
51.9
51.7
51.5
51.3
50.5
54.8
51.4
53.4
50.2
51.4
51.9
174
214
40.2
192
42.5
56.4
151
40.3
35.1
31.0
31.0
33.6
30.7
30.9
36.4
31.2
31.5
30.8
30.6
31.4
35.2
31.3
31.6
110
35.7
103
46.1
31.3
35.8
28.0
27.5
0.961
0.915
1.09
1.02
1.14
1.02
1.00
1.01
1.07
1.02
1.01
1.01
0.986
1.13
1.21
1.06
1.07
1.08
1.06
1.16
1.01
106
83.0
81.9
83.5
83.4
547
82.6
82.7
83.4
83.7
83.2
83.7
83.1
83.0
83.5
86.3
83.5
83.6
83.0
83.5
96.9
83.2
82.9
83.5
83.4
83.6
83.0
82.5
83.8
83.6
83.0
83.1
4207
82.8
83.2
83.7
83.1
83.1
83.4
83.0
83.3
82.9
83.9
83.3
83.1
82.6
83.2
83.8
83.5
52.1
51.9
51.9
52.7
63.6
52.6
78.0
53.0
79.5
51.5
116
53.4
52.3
154
53.3
53.4
53.5
75.1
187
53.1
73.0
53.2
53.2
82.6
88.1
147
54.6
51.9
53.4
261
160
53.6
53.9
51.1
52.3
52.6
52.6
52.5
53.4
52.6
52.0
53.1
52.4
53.2
52.2
77.8
72.4
74.3
80.1
73.3
73.0
74.8
73.5
72.0
75.1
73.5
75.6
78.0
73.1
76.4
72.5
78.5
73.3
78.9
82.6
79.3
73.7
80.8
76.1
79.1
78.2
72.7
74.1
83.3
76.4
80.6
79.1
75.6
74.3
73.4
73.6
73.8
80.2
73.5
73.4
76.8
73.6
72.8
73.0
73.2
80.7
74.4
73.2
73.8
73.8
74.0
74.7
131
181
74.7
74.6
74.3
73.8
73.2
74.3
74.2
74.8
74.2
181
166
73.7
175
157
207
74.5
172
74.6
74.8
170
74.5
74.4
171
74.5
73.9
74.8
73.7
74.2
74.6
73.7
73.9
74.3
74.3
74.3
74.9
74.8
73.7
79.0
74.5
73.5
73.1
74.4
57.2
55.1
56.3
54.7
54.2
55.1
56.8
54.8
54.6
54.8
45.5
57.0
44.7
57.2
57.9
54.8
46.6
55.2
54.9
55.7
57.1
72.3
55.3
57.1
53.6
55.7
55.8
56.4
54.9
52.9
55.9
56.0
53.8
54.4
55.9
55.6
56.3
57.7
56.9
59.8
55.9
47.9
55.6
56.4
56.4
57.3
49.9
54.0
90.8
90.2
94.5
90.6
92.9
88.2
88.0
86.9
88.6
92.0
89.2
91.9
95.2
91.2
88.5
93.9
87.4
88.2
87.5
88.4
95.5
92.3
97.0
88.5
88.1
90.1
88.4
88.7
103
200
87.6
88.2
90.5
103
89.3
117
95.4
91.3
93.3
88.8
87.4
90.8
92.4
88.1
109
92.8
108
90.2
38.0
37.9
37.7
47.3
331
37.6
37.6
37.8
38.5
37.8
38.5
38.4
37.8
38.3
38.2
37.9
38.1
39.5
37.7
38.2
38.4
37.9
62.9
64.5
63.8
59.3
41.0
38.2
38.3
37.9
37.9
37.8
37.9
38.0
37.9
38.2
38.1
37.5
38.0
37.7
37.8
37.8
38.1
37.9
38.2
37.9
38.2
59.3
64.2
64.3
55.3
68.1
53.2
56.2
55.1
78.4
56.1
55.0
55.2
74.5
61.5
144
67.4
59.9
54.7
56.0
54.0
155
56.2
61.5
75.6
60.8
60.2
56.9
57.9
64.8
58.4
55.8
57.0
55.3
56.6
54.1
53.7
54.3
56.0
55.9
46.4
56.3
54.4
54.8
54.0
57.9
54.7
55.8
55.2
34.7
33.9
34.8
34.7
33.9
34.8
34.7
34.7
34.7
34.7
34.7
34.7
34.9
34.8
34.9
33.8
34.7
34.7
34.7
33.7
34.8
34.8
33.8
34.7
34.6
33.8
34.7
34.7
34.7
34.7
34.8
34.7
34.7
34.7
34.8
33.8
34.8
33.9
33.8
33.8
34.8
33.8
34.7
34.7
33.8
33.8
34.7
34.7
71.4
71.3
71.3
71.5
71.3
71.2
71.2
71.4
71.3
70.3
71.2
71.3
71.2
71.3
71.3
70.3
71.2
71.4
71.4
71.2
71.3
71.3
70.3
71.2
71.3
70.3
70.5
71.5
70.4
70.3
71.5
70.2
70.4
71.4
70.4
70.3
71.3
71.2
71.3
71.4
71.2
71.2
71.1
71.2
72.8
71.9
72.7
72.8
45.4
48.7
53.9
51.0
46.8
49.0
46.4
50.2
50.3
49.0
50.2
44.4
43.1
42.1
45.1
40.2
40.7
44.1
50.8
42.6
40.5
49.6
42.2
50.9
45.2
41.3
39.5
41.9
45.8
59.1
46.5
43.3
43.8
49.9
42.4
42.6
46.9
40.7
47.3
42.7
49.6
60.4
46.9
48.8
41.1
43.7
48.4
43.0
23.3
25.5
23.3
23.4
23.5
23.3
23.3
23.3
23.4
23.4
23.4
23.3
23.4
23.5
23.4
23.4
23.5
23.4
23.3
23.3
23.4
23.5
23.4
24.0
23.3
23.5
23.3
23.4
23.3
23.4
23.4
23.3
23.4
23.4
23.5
23.4
23.3
23.3
23.4
23.4
23.3
23.3
23.4
23.3
23.5
23.3
23.4
23.3
59.5
60.2
59.3
59.8
68.4
63.4
63.5
63.7
64.1
68.8
65.6
59.1
65.3
60.2
63.5
63.8
68.0
63.0
61.4
65.0
67.1
60.2
62.8
60.9
61.0
62.5
60.9
61.2
61.4
61.4
66.3
66.2
58.8
53.8
51.9
51.0
49.5
48.7
64.0
63.1
62.2
60.2
60.7
66.7
64.2
62.0
66.6
62.1
73.4
73.4
74.6
73.5
74.3
74.2
74.7
74.4
75.8
78.3
86.3
74.8
76.9
79.9
74.4
74.2
73.4
74.3
78.5
74.9
164
74.4
74.2
73.4
73.4
74.3
74.7
76.8
76.5
80.9
76.2
73.7
73.5
76.4
74.3
75.8
69.2
71.6
164
79.0
78.1
17.6
17.5
17.4
17.7
17.6
17.5
17.4
17.5
17.6
17.4
17.8
17.6
17.5
17.6
17.8
17.5
17.5
17.6
17.5
17.5
17.7
17.6
17.6
17.6
17.5
17.5
17.6
17.6
18.0
17.7
17.6
17.6
17.5
17.5
17.5
17.4
17.5
17.9
17.7
17.5
17.7
17.4
17.6
17.5
17.5
17.6
17.6
17.7
36.8
37.2
38.3
42.0
39.3
39.2
37.0
38.6
35.3
37.9
36.6
38.2
37.7
36.1
38.5
38.9
35.9
38.8
37.9
39.2
36.6
56.5
40.9
66.1
48.5
35.9
38.4
60.7
36.1
36.3
39.6
41.4
37.6
41.2
39.7
36.0
38.3
38.7
35.0
38.6
38.5
36.8
34.2
37.9
38.3
35.6
39.5
36.2
36.1
36.1
36.2
36.3
35.9
36.3
35.9
36.2
36.0
35.9
35.9
36.0
35.8
36.1
35.8
36.0
36.0
36.3
35.9
36.1
35.9
36.0
36.3
36.1
36.2
36.3
36.1
36.1
36.1
36.1
36.0
36.1
36.1
36.2
36.2
36.2
36.0
36.1
36.2
36.1
36.1
36.0
36.1
36.3
36.0
37.0
39.1
37.0
45.3
36.7
40.5
45.6
39.4
45.9
41.5
73.1
45.3
45.2
46.1
37.5
37.0
36.4
50.0
46.2
43.8
44.9
46.3
46.2
48.9
45.6
45.6
36.6
56.5
46.7
46.5
44.8
36.3
37.4
36.8
36.3
36.6
37.3
36.8
36.9
37.2
94.7
100
101
95.7
98.0
113
140
102
103
109
100
103
101
100
102
100
102
101
100
194
100
101
101
101
102
102
90.1
100
100
102
101
99.9
107
98.8
123
103
97.6
106
94.5
95.4
99.8
99.6
101
98.9
105
101
99.9
102
98.3
40.6
41.0
144
491
487
316
171
971
188
378
1945
773
688
969
191
636
16.6
12.5
18.1
19.3
17.4
13.7
17.8
17.9
19.5
18.1
17.8
17.6
21.4
18.0
17.5
18.4
16.5
18.5
19.2
11.8
22.8
19.2
17.0
17.4
17.7
25.1
16.7
18.0
13.2
17.3
17.5
15.9
17.9
17.6
17.2
16.9
16.3
13.8
16.5
16.3
15.1
16.6
17.2
16.9
15.1
17.2
13.8
11.0
25.0
25.0
24.8
26.2
25.0
24.8
26.2
25.1
26.4
26.3
26.3
24.9
24.9
24.9
26.3
26.4
25.0
25.1
25.1
26.4
26.3
25.0
24.9
25.0
24.9
26.5
25.0
25.0
26.2
25.0
25.0
26.2
26.2
26.3
25.1
25.0
25.0
26.2
25.1
26.2
25.2
26.3
26.3
26.3
26.5
26.2
24.9
24.9
69.7
70.7
70.8
70.7
69.9
70.7
70.1
69.7
69.7
70.7
70.7
70.8
70.7
69.7
69.8
70.7
70.6
70.7
70.7
70.6
70.6
70.7
70.1
70.8
70.7
72.5
69.8
70.0
70.7
69.8
69.9
71.0
70.0
70.0
70.9
71.0
69.8
69.8
70.6
70.6
70.7
70.6
70.5
70.7
70.8
69.7
69.8
69.7
416
324
612
732
584
389
359
551
354
481
660
340
749
560
563
463
297
471
359
516
379
298
365
215
188
5069
208
36.0
41.0
318
184
163
127
42.5
43.7
89.3
132
128
282
177
348
319
260
198
205
324
97.4
104
89.9
97.2
87.9
87.7
91.6
89.6
92.0
87.3
91.4
92.0
89.4
111
88.8
113
88.1
89.0
88.4
92.4
145
89.2
90.3
89.2
97.9
88.1
89.4
92.7
87.4
89.7
90.6
90.7
95.5
90.3
91.8
90.3
93.5
93.6
89.9
91.0
87.2
98.5
156
101
95.4
126
98.4
44.2
54.3
49.3
61.3
53.6
52.3
53.1
50.6
57.6
47.7
38.4
58.0
50.0
56.0
55.0
59.6
60.5
52.6
39.2
58.8
47.6
58.4
60.0
57.1
50.4
45.3
52.2
56.5
36.8
38.8
39.2
37.1
38.8
43.6
39.2
39.2
54.1
48.1
36.6
43.5
42.6
42.9
40.4
58.9
49.7
35.3
37.1
34.4
35.1
34.6
34.5
34.1
37.2
37.1
37.1
36.1
36.7
34.1
35.4
36.8
34.4
37.1
37.0
37.0
35.2
34.2
34.5
35.6
34.2
33.6
34.6
33.9
34.0
35.8
34.4
34.9
35.2
37.3
35.0
34.0
35.8
34.1
36.8
37.5
34.0
34.3
33.8
35.3
34.1
36.9
37.1
34.2
36.7
36.6
37.6
37.5
38.6
37.2
37.5
35.8
37.3
38.0
35.9
38.3
41.7
49.5
43.4
38.6
36.7
38.5
38.8
34.7
36.5
38.0
43.2
39.0
34.9
38.9
38.1
39.9
37.8
39.3
56.6
37.8
35.6
37.8
46.9
36.7
34.6
37.7
35.7
34.9
36.8
34.7
36.1
35.2
35.2
35.4
36.7
36.8
35.2
39.8
39.0
45.5
37.5
46.7
45.8
48.2
47.5
37.4
37.4
45.8
47.4
45.9
47.2
45.6
46.1
47.6
46.9
49.7
47.9
45.8
48.8
46.0
46.2
48.3
45.4
46.6
38.5
37.9
45.4
46.6
48.4
46.9
45.7
45.5
45.9
45.9
46.1
37.8
45.4
34.9
34.8
34.9
34.9
35.1
34.8
34.7
34.8
34.9
34.7
34.8
34.7
35.1
34.9
34.9
34.8
35.0
34.9
34.7
34.9
34.8
34.7
34.9
34.8
36.4
35.6
35.4
34.9
34.9
34.8
35.0
34.7
34.7
35.0
34.8
34.6
34.9
34.8
34.9
34.7
34.9
34.8
34.8
34.7
34.8
34.8
35.0
34.8
84.9
33.6
34.5
36.0
35.5
43.5
35.3
35.2
35.8
34.6
34.8
34.8
35.0
36.0
34.3
93.3
34.0
34.5
33.9
34.2
35.5
33.8
34.1
35.0
35.1
36.6
34.5
34.2
40.2
109
82.4
82.7
83.7
83.7
83.5
82.2
83.9
83.2
34.6
34.1
35.9
35.0
36.4
41.4
33.8
35.3
35.3
35.6
40.1
40.3
40.4
39.5
40.4
40.2
39.6
40.5
40.4
40.5
40.2
39.3
39.5
40.3
40.3
40.3
40.4
39.5
39.4
40.2
40.2
46.1
40.3
39.6
39.5
39.6
40.5
40.4
40.4
39.4
40.3
39.5
40.5
39.4
40.3
39.5
40.3
40.4
40.4
40.3
40.3
40.4
39.4
39.3
40.3
40.2
39.5
40.4
39.9
39.9
91.8
40.1
37.5
37.0
46.7
213
49.2
40.2
45.4
31.7
54.3
39.3
362
276
41.6
37.5
32.5
31.7
32.2
47.4
40.4
270
199
325
386
68.0
372
87.1
90.3
92.9
89.1
90.1
406
90.3
90.6
129
36.6
32.4
40.4
108
65.1
40.4
42.7
32.8
42.9
39.5
28.3
27.8
27.8
28.6
37.0
28.9
28.0
27.8
28.3
28.8
28.0
28.3
28.6
29.0
28.2
31.5
29.8
28.0
30.8
37.9
28.0
28.2
43.4
27.9
27.7
27.8
28.5
28.3
28.6
29.2
29.6
30.2
30.2
29.4
29.5
29.8
30.0
43.8
33.2
28.3
28.6
28.7
28.4
28.0
28.1
30.3
29.2
27.7
17.3
17.5
17.3
17.4
17.4
17.4
17.3
21.7
30.3
19.5
75.4
24.1
17.3
17.5
17.5
17.4
17.3
17.3
17.3
17.2
17.2
17.2
17.1
17.4
17.3
17.2
17.3
17.3
17.3
17.3
17.4
17.2
17.2
17.3
17.1
17.3
17.3
17.3
17.2
17.2
17.3
17.1
17.1
17.3
17.2
17.2
17.3
17.3
0.995
0.908
0.998
0.912
1.00
1.01
0.999
0.933
0.929
1.08
0.930
0.959
1.07
0.995
0.963
0.901
0.895
0.926
1.02
1.07
0.973
0.954
0.969
0.898
0.950
0.900
0.980
0.912
0.898
0.969
0.977
0.983
0.904
1.03
0.999
5.99
0.932
0.928
0.927
0.996
0.921
1.02
1.06
1.08
86.0
80.0
79.9
80.0
83.8
105
83.6
83.7
84.5
77.4
80.1
80.0
79.9
83.4
83.3
86.3
86.4
83.7
83.6
83.7
73.8
73.4
76.9
73.1
74.2
86.5
83.0
83.0
83.3
83.0
80.8
83.4
83.5
76.3
73.3
77.0
76.9
81.8
80.1
82.8
82.9
80.1
79.4
83.0
76.6
89.5
77.0
76.6
17.3
16.7
26.0
18.8
20.0
31.1
26.5
18.1
18.6
26.3
28.1
20.8
26.0
24.4
24.9
25.0
25.7
26.2
19.8
21.7
21.6
30.5
17.2
24.5
22.2
20.5
21.1
20.6
36.8
35.4
44.9
39.1
37.0
66.7
40.1
40.1
32.6
39.1
34.9
42.0
41.7
19.0
22.1
24.7
23.8
17.9
21.1
21.3
22.7
22.8
22.8
22.8
22.8
22.8
22.8
22.8
22.7
22.7
22.8
22.7
22.7
22.8
22.7
22.8
22.7
23.0
22.7
29.5
22.8
22.9
22.7
23.1
22.8
22.8
22.7
24.1
22.8
22.9
22.7
22.9
22.8
22.8
22.9
22.7
22.8
23.4
29.2
22.7
22.7
22.8
22.7
23.3
22.8
22.7
22.7
22.8
37.9
32.5
38.1
41.6
34.7
33.7
37.2
32.0
42.1
37.2
52.5
36.8
31.8
31.3
33.0
33.1
34.6
37.0
31.2
30.5
29.0
33.3
34.7
31.5
30.8
33.9
32.6
29.7
32.8
83.2
88.3
87.1
88.8
88.8
89.2
86.4
100
89.9
25.5
27.1
37.3
27.9
27.8
35.4
29.1
29.0
48.0
34.9
48.6
48.2
45.8
43.8
46.6
71.2
39.3
39.9
87.6
40.5
36.7
46.5
44.1
42.7
39.3
65.2
65.3
91.6
72.2
50.7
51.8
58.4
51.7
63.6
104
44.8
43.1
44.8
39.2
145
37.5
35.5
46.7
38.0
88.1
37.0
45.3
35.9
41.3
41.6
44.7
42.9
38.3
36.9
40.7
38.7
47.8
58.6
213
59.5
57.8
65.3
58.5
57.9
57.6
58.5
67.3
58.8
57.0
59.3
67.2
66.3
60.1
57.7
141
58.8
59.8
61.0
58.4
59.9
66.7
58.2
60.0
58.0
60.1
59.0
67.4
59.4
58.7
58.5
58.4
58.9
58.1
58.1
57.4
58.4
57.4
61.7
59.2
58.3
58.3
58.3
58.2
59.0
58.2
22.7
22.8
22.8
22.7
22.7
22.8
22.9
22.7
27.1
22.8
22.8
22.8
22.8
22.8
22.7
22.7
22.8
22.8
22.8
22.7
22.8
22.8
22.7
22.9
22.8
23.3
22.8
22.7
22.8
22.8
22.8
22.8
22.8
22.9
22.7
22.9
22.7
22.7
22.7
22.7
22.8
22.7
23.0
22.7
22.7
22.7
22.7
22.7
17.5
17.5
17.3
17.6
17.6
17.6
17.7
17.6
17.7
17.6
17.5
17.4
17.6
17.6
17.9
17.6
17.5
17.7
18.1
17.9
17.6
17.6
17.5
17.8
17.4
17.5
17.8
17.6
17.5
17.5
17.5
17.6
17.4
17.5
17.4
17.4
17.5
17.4
17.5
17.6
17.6
17.6
17.7
17.8
17.9
17.7
17.8
17.8
95.3
95.2
95.9
94.7
94.9
94.9
93.2
96.1
97.8
95.1
98.9
99.4
96.2
98.6
96.6
94.6
96.1
99.9
95.7
94.9
95.2
94.9
95.0
94.2
95.7
94.9
95.7
96.0
97.3
94.9
95.2
94.8
95.9
94.9
93.6
96.5
95.8
86.0
85.5
94.1
94.2
94.4
95.8
94.9
94.5
94.9
95.5
95.5
35.5
35.4
35.4
35.5
35.5
35.5
35.4
35.6
35.4
35.4
35.5
35.3
35.6
35.7
35.5
35.4
35.4
35.6
35.6
35.4
35.4
35.7
35.4
35.5
35.6
35.5
35.6
35.5
35.6
35.5
35.4
35.4
35.5
35.5
35.3
35.4
35.6
35.3
35.5
35.4
35.4
35.3
35.6
35.4
35.5
35.4
35.6
35.4
15.0
14.9
14.5
13.3
14.8
14.4
14.1
14.3
16.0
14.6
14.1
14.5
14.3
14.6
13.7
21.9
14.4
14.3
13.9
13.9
14.8
15.1
13.9
13.7
26.6
14.5
14.3
13.9
14.4
14.4
13.6
13.6
15.2
13.6
14.3
13.8
14.9
14.3
14.9
15.2
13.9
14.2
15.4
13.8
13.4
15.5
14.6
35.2
35.1
35.2
35.3
35.1
35.2
35.2
35.1
35.3
35.2
35.2
35.3
35.3
35.3
35.3
35.2
35.4
35.1
35.2
35.2
35.3
35.1
35.3
35.4
35.6
35.3
35.2
35.2
35.3
35.2
35.4
35.3
35.1
35.2
35.1
35.1
35.3
35.1
35.3
35.1
35.3
35.2
35.2
35.1
35.3
35.2
35.3
35.1
35.8
36.1
35.4
35.6
36.0
36.1
35.0
35.7
34.9
36.8
37.2
35.1
36.6
35.8
34.9
35.3
36.2
35.9
35.5
35.4
35.6
35.5
35.5
35.3
37.2
36.8
36.3
35.3
77.4
63.9
83.0
36.2
36.0
36.1
35.9
36.6
35.6
36.4
35.2
35.5
36.1
36.8
35.7
35.9
36.0
36.0
36.5
93.9
94.3
93.7
93.7
93.7
93.8
93.7
93.9
93.8
93.7
93.7
93.8
93.7
93.8
93.7
93.7
93.7
93.8
93.7
93.8
93.6
93.8
93.8
93.7
93.7
93.8
93.7
93.8
93.7
93.8
93.7
93.8
93.8
93.7
93.7
93.7
93.7
93.7
93.7
93.7
93.9
93.7
93.7
93.7
93.8
93.7
93.8
93.8
1.01
0.980
1.01
1.11
0.963
1.02
0.954
0.951
0.975
1.07
1.04
0.923
0.929
0.981
0.956
0.924
0.982
0.997
0.975
0.966
0.934
0.946
0.965
1.02
1.02
0.989
1.12
0.984
0.977
0.947
0.938
1.02
0.970
0.976
0.996
1.06
1.00
0.992
0.970
0.984
0.994
1.03
1.06
1.01
0.943
1.01
0.982
53.0
48.8
53.4
47.6
46.5
51.5
48.5
48.2
51.3
48.6
52.2
52.3
53.4
53.7
47.4
68.8
200
314
56.7
46.5
46.5
61.6
50.2
55.3
47.2
51.8
48.6
50.1
49.8
53.4
59.8
61.6
52.2
58.5
58.1
62.1
56.5
53.6
50.6
49.1
52.9
48.7
47.8
46.5
51.1
63.4
48.0
47.7
1.01
1.01
0.932
1.09
34.5
0.957
0.967
1.05
1.01
24.0
0.954
0.951
0.967
0.973
1.01
1.03
1.05
1.02
0.932
0.992
0.973
0.989
1.02
1.03
0.947
0.988
1.04
1.01
0.971
1.11
1.01
0.985
2.18
1.02
0.992
0.981
0.961
0.977
0.974
1.11
1.04
1.02
1.05
1.03
1.01
1.07
34.6
35.1
34.8
34.9
34.8
34.8
35.0
35.2
35.1
35.1
34.9
35.0
35.3
35.4
35.1
35.2
34.9
35.0
35.2
35.1
35.3
35.2
35.0
35.0
35.1
35.1
35.2
35.1
35.0
35.0
35.1
35.2
34.9
35.0
34.9
34.9
35.0
35.1
34.9
35.1
35.0
35.2
35.0
35.0
35.0
35.0
35.0
35.2
131
155
134
187
162
95.6
91.3
146
90.8
119
116
94.0
109
89.7
184
111
105
108
150
89.7
191
91.4
90.9
185
169
137
131
95.4
96.6
179
129
112
98.9
106
190
101
138
90.8
124
132
91.1
164
150
114
101
185
34.8
34.9
34.8
35.0
35.0
35.1
34.6
34.6
34.9
34.6
34.7
34.6
34.9
34.6
34.8
34.7
34.7
34.6
34.7
34.7
34.6
34.7
34.8
34.6
34.9
34.8
34.8
34.6
34.7
34.6
34.5
34.6
34.7
34.7
34.6
34.8
34.7
34.6
34.5
34.4
34.6
34.8
34.6
34.5
34.5
34.5
34.7
34.5
58.3
62.6
62.3
63.4
61.1
59.2
63.3
57.7
60.3
61.2
60.1
58.1
69.1
56.2
62.9
60.6
62.2
54.5
65.0
56.0
63.3
107
62.1
59.7
58.7
56.6
60.2
59.6
64.6
66.1
64.0
69.3
64.8
70.0
111
64.0
69.5
66.0
100
59.4
59.4
59.8
62.5
59.0
60.7
59.1
61.1
59.1
35.1
35.2
35.0
35.3
35.1
36.3
35.3
35.3
35.4
35.3
35.1
35.1
35.2
35.4
35.2
35.1
35.1
35.4
35.1
35.3
35.1
35.1
35.1
35.3
35.5
35.3
35.2
35.2
35.1
35.1
35.1
35.2
35.1
35.1
35.2
35.1
35.1
35.5
35.2
35.0
35.1
35.2
35.0
35.1
35.2
35.2
35.1
35.1
25.4
26.8
24.3
24.9
26.6
23.5
26.0
23.3
30.2
24.9
26.0
27.0
26.3
23.9
25.5
27.1
24.6
31.1
25.8
27.3
23.4
26.9
26.3
25.4
26.7
25.4
26.3
25.3
25.7
25.5
27.8
25.9
26.9
24.6
26.5
23.5
24.8
26.3
25.2
26.6
24.0
24.0
28.2
25.6
26.1
26.0
26.0
30.0
11.0
9.80
10.8
11.0
12.7
12.1
11.1
11.8
10.2
10.6
11.5
12.5
11.4
11.0
11.1
10.4
13.4
11.6
12.0
12.3
11.5
23.6
15.7
33.7
32.5
30.3
12.5
11.1
37.9
11.2
10.6
11.2
12.5
11.0
10.1
15.0
12.5
11.1
10.9
10.2
11.8
10.8
10.9
11.2
8.56
12.2
10.8
11.3
35.1
35.2
35.2
35.3
35.3
35.1
35.2
35.4
35.5
35.3
35.2
35.4
35.2
35.3
35.4
35.2
35.6
35.5
35.2
35.4
35.6
35.3
35.4
35.4
35.2
35.2
35.3
35.1
35.3
35.2
35.1
35.1
35.3
35.1
35.3
35.2
35.0
35.2
35.1
35.1
35.1
35.1
35.1
35.1
35.3
35.3
35.2
35.0
94.0
98.7
94.8
93.9
94.4
94.3
92.5
93.3
93.8
94.1
93.5
94.0
94.4
94.6
94.2
93.1
97.1
91.7
93.9
94.4
95.1
94.3
94.7
93.4
101
92.6
95.3
95.5
96.1
103
94.1
94.0
92.5
94.8
106
93.9
94.2
88.7
86.1
94.5
97.8
97.6
92.8
94.0
93.6
94.6
93.6
95.2
25.1
25.4
25.1
24.9
25.3
25.0
25.3
25.2
25.5
25.2
25.4
24.8
25.3
25.3
25.1
25.1
25.6
15.5
15.7
15.9
16.3
16.9
17.0
16.8
16.5
16.5
17.0
15.5
16.1
15.0
14.7
16.5
21.4
29.7
22.5
34.0
42.3
32.6
16.6
15.9
43.0
15.7
15.2
15.4
16.3
16.9
15.5
15.4
16.9
14.7
15.7
15.4
16.2
15.5
15.5
15.5
16.9
17.0
14.9
17.0
83.3
79.9
80.1
80.0
79.9
79.9
79.9
79.9
79.8
73.5
73.8
73.5
73.6
80.7
80.4
83.7
83.8
81.0
80.7
80.7
77.3
77.2
81.0
76.9
77.0
79.6
83.4
83.4
83.4
79.4
77.1
79.8
79.7
83.1
73.5
73.6
77.2
77.2
76.7
83.1
83.0
80.4
77.0
76.6
80.4
83.7
77.0
80.2
83.4
80.0
79.9
83.1
79.9
80.0
79.9
79.9
79.8
73.4
73.4
73.5
73.4
80.8
80.3
83.7
83.7
80.9
80.8
80.7
77.4
77.4
80.9
77.0
76.9
79.7
83.3
83.5
83.3
79.4
77.0
79.8
79.7
83.1
73.6
73.6
77.1
77.1
76.6
83.2
83.1
80.5
76.9
76.7
81.7
83.6
77.0
80.4
34.9
35.4
34.8
35.2
35.0
34.9
34.9
35.5
35.2
35.5
35.4
35.4
35.3
35.4
35.5
35.5
35.5
35.4
35.4
35.4
35.3
35.3
35.3
35.4
35.6
35.3
35.3
35.3
35.3
35.5
35.5
35.3
35.2
35.3
35.3
35.2
35.4
35.3
35.2
35.4
35.4
35.3
35.2
35.2
35.4
35.3
35.3
35.3
22.8
22.8
22.8
22.9
23.1
23.9
22.8
22.7
22.7
23.8
22.7
22.8
22.8
22.7
22.9
22.8
22.9
22.9
22.8
22.8
22.8
22.9
22.8
22.9
22.9
23.1
22.9
23.1
22.9
22.8
22.9
22.8
22.9
22.9
22.7
22.7
22.7
22.7
22.8
22.7
22.7
22.7
22.7
22.7
22.7
22.7
22.9
22.9
24.8
26.5
19.7
20.7
21.6
21.8
35.1
24.4
26.1
34.8
19.9
26.0
24.9
19.3
24.6
22.2
22.4
40.4
52.3
23.5
26.0
38.3
51.2
52.2
43.5
56.2
49.3
48.4
45.4
24.2
20.4
23.0
25.5
38.7
37.3
25.0
23.3
22.1
26.7
24.6
23.3
26.8
23.7
21.8
21.5
22.6
21.1
26.5
83.6
83.2
80.9
81.0
80.6
80.1
80.0
80.6
80.6
80.8
83.0
83.0
83.2
81.6
80.4
80.8
81.0
80.8
80.1
80.3
86.4
81.0
80.9
80.8
80.9
80.0
80.0
80.0
77.3
83.4
79.8
86.1
86.3
80.0
83.7
77.6
81.2
83.5
80.4
80.4
83.5
80.6
80.1
79.7
79.6
76.9
80.6
79.7
16.5
16.1
16.4
19.1
16.3
20.0
16.9
15.6
20.5
16.1
16.3
16.2
13.8
17.7
17.1
18.4
17.4
33.5
31.8
16.7
25.6
34.1
42.5
42.0
33.8
39.3
17.1
15.6
16.1
17.9
17.6
16.2
17.0
14.5
17.9
17.3
15.8
16.3
16.9
16.3
16.1
17.0
16.1
16.2
18.0
35.0
34.6
35.1
34.9
35.0
34.9
35.1
34.8
34.9
35.1
35.1
34.9
35.0
34.9
34.9
34.9
34.9
34.9
35.0
35.0
35.4
35.0
35.1
35.0
35.1
34.9
35.0
35.0
34.9
35.1
34.9
34.9
34.9
35.1
35.1
34.8
35.0
34.9
35.0
35.0
34.8
35.0
34.9
35.1
34.8
35.0
35.0
34.9
35.3
35.3
35.1
35.2
35.2
35.1
35.2
35.2
35.2
35.4
35.2
35.2
35.1
35.2
35.4
35.2
35.4
35.2
35.2
35.3
35.1
35.2
35.3
35.4
35.2
35.3
35.3
35.2
35.1
35.1
35.2
35.1
35.3
35.1
35.2
35.0
35.2
35.0
35.3
35.4
35.4
35.0
35.0
35.1
35.3
35.2
35.1
35.2
34.7
34.8
34.8
35.2
34.9
35.0
34.8
34.9
35.0
34.8
34.9
34.8
34.7
34.9
34.9
35.1
34.7
34.9
35.0
34.7
35.0
35.0
35.0
34.7
35.0
34.9
34.9
34.8
34.7
34.7
34.7
34.7
34.7
34.7
34.8
34.7
34.7
34.8
34.7
34.7
34.7
34.8
34.9
34.9
34.9
34.8
34.7
34.8
35.4
35.3
35.1
35.2
35.4
35.1
35.3
35.4
35.2
35.2
35.1
35.2
35.1
35.4
35.1
35.2
35.4
35.8
35.3
35.2
35.2
35.6
35.2
35.1
35.5
35.2
35.3
35.2
35.2
35.3
35.2
35.2
35.2
35.2
35.2
35.1
35.0
35.1
35.1
35.3
35.1
35.1
35.3
35.3
35.1
35.3
35.2
35.2
35.6
35.4
35.4
35.5
35.7
35.7
35.6
35.5
35.6
35.8
35.7
35.5
35.7
35.4
35.6
35.6
35.4
35.3
35.5
35.5
35.9
35.7
35.5
35.7
35.6
35.4
35.6
35.4
35.5
35.4
35.7
35.5
35.4
35.4
35.3
35.6
35.6
35.5
35.3
35.4
35.5
35.4
35.6
35.4
35.5
35.5
35.5
35.6
7.15
6.74
7.08
7.55
6.68
7.09
7.55
6.75
6.72
7.14
7.43
7.48
7.48
7.40
7.05
7.49
7.18
7.15
6.73
6.79
7.12
7.13
6.72
6.70
7.08
6.80
6.83
7.16
7.37
7.05
6.69
7.13
7.53
7.09
6.80
7.57
7.03
6.73
7.16
7.50
6.69
6.69
6.73
6.76
7.05
7.15
7.00
6.66
1.03
0.988
0.992
1.10
1.00
0.971
0.925
1.05
1.10
21.8
0.982
1.01
0.964
1.03
1.10
1.18
1.85
1.06
1.11
0.928
1.03
0.945
0.930
0.961
1.03
0.986
1.14
1.07
1.07
0.979
1.12
1.08
0.987
1.04
1.07
1.01
1.03
1.10
1.06
1.04
0.997
1.01
0.958
1.15
7.58
7.54
7.57
7.51
7.52
7.56
7.58
7.47
7.68
7.57
7.57
7.54
7.57
7.48
7.76
7.51
7.60
7.58
7.62
7.67
7.73
7.87
7.49
7.61
7.56
7.47
7.53
7.59
7.58
7.47
7.52
7.57
7.44
7.52
7.45
7.53
7.55
7.49
7.51
7.49
7.62
7.49
7.52
7.59
7.61
7.56
7.62
7.56
133
132
133
132
132
132
130
133
132
133
133
131
133
131
132
131
133
134
132
132
133
131
132
134
133
133
142
134
131
134
134
132
133
133
135
135
136
134
135
134
131
132
133
133
133
134
134
132
66.7
67.0
67.4
67.3
66.9
66.9
67.8
67.4
67.0
67.1
66.9
66.7
67.7
67.2
66.9
67.5
67.5
67.8
66.7
67.0
66.7
66.5
67.8
66.6
67.1
67.3
66.7
67.0
67.5
67.8
67.7
67.0
67.8
67.4
67.6
67.7
68.0
67.6
67.6
67.2
66.8
67.4
67.6
67.6
67.5
66.8
66.8
66.8
73.0
72.9
71.8
71.8
72.8
72.8
72.8
72.8
72.7
72.8
72.8
72.8
71.8
72.7
72.8
71.9
71.8
71.9
71.9
71.9
71.8
72.9
72.8
72.0
72.8
71.8
72.0
71.8
71.8
71.7
71.9
71.8
73.1
72.7
72.7
72.8
71.8
71.8
72.7
71.8
72.6
72.7
71.9
72.2
72.9
71.9
72.7
72.7
156
134
153
178
157
153
126
157
157
156
154
156
137
156
164
157
161
143
156
178
110
157
139
97.8
134
102
137
161
178
133
159
146
161
127
119
124
124
123
132
153
125
131
119
96.4
151
128
162
131
83.2
84.6
85.4
84.9
84.1
84.8
84.1
84.7
84.2
85.2
84.3
83.9
83.8
85.8
84.6
84.5
83.9
85.1
85.1
83.9
85.9
82.9
83.7
84.8
84.6
89.6
87.2
84.2
83.5
85.6
83.3
85.4
85.0
83.1
84.6
85.1
85.1
83.6
83.5
84.3
85.8
83.7
87.8
84.3
1851
84.3
84.6
84.2
63.6
63.4
63.9
74.2
91.1
90.7
88.6
99.5
64.1
64.3
63.9
64.3
63.7
63.6
63.9
63.7
64.1
64.3
64.2
63.9
64.0
64.5
68.9
90.3
91.0
90.2
96.7
64.8
64.9
75.3
86.8
63.9
421
64.3
63.5
64.0
63.8
64.3
64.3
64.1
64.2
63.8
63.8
64.0
63.6
64.2
64.2
63.6
59.0
58.9
59.5
59.5
59.7
60.3
59.3
59.2
59.4
59.2
59.3
60.0
59.3
59.6
59.1
58.9
59.1
59.6
59.4
59.6
59.5
59.4
59.3
59.2
58.9
59.0
58.8
70.0
59.1
59.0
59.3
59.9
58.9
59.3
59.2
58.7
59.2
58.8
59.1
58.8
59.2
58.9
59.7
59.2
59.2
59.4
58.9
59.1
77.2
80.2
80.6
80.0
80.4
80.0
76.7
77.3
77.2
77.3
83.1
82.9
83.1
80.8
80.3
80.6
80.6
80.6
80.5
80.2
79.9
83.5
83.4
83.1
84.0
86.5
79.7
79.8
80.7
80.7
77.1
84.1
80.0
83.2
86.1
79.8
83.4
83.4
80.4
80.5
83.6
80.4
82.8
86.1
86.0
83.7
83.5
73.3
86.0
86.6
84.1
83.7
83.6
83.3
88.0
83.4
83.3
77.0
77.0
76.9
76.9
80.4
80.1
84.4
83.5
82.6
80.7
80.7
80.0
77.2
80.9
77.0
76.8
79.8
79.7
79.8
79.7
85.9
90.8
86.1
86.1
76.7
77.2
80.8
80.9
80.7
80.1
83.1
83.5
80.4
76.7
76.7
76.7
77.2
80.9
83.1
92.5
913
88.4
91.4
89.4
90.9
92.1
91.2
308
91.1
88.4
88.4
95.3
88.3
88.8
89.5
486
90.4
91.2
88.7
89.8
91.5
88.4
2932
89.9
400
88.8
89.0
650
964
865
122
434
706
947
610
682
1277
1048
357
148
87.9
90.3
828
90.3
191
90.4
13.0
15.5
15.5
13.6
19.0
17.5
18.2
15.9
14.6
14.6
14.9
18.2
14.2
16.9
14.7
16.9
13.4
15.1
29.6
18.4
17.5
30.7
39.0
38.4
44.1
33.5
41.5
19.2
40.1
12.8
17.9
13.2
14.5
17.2
13.2
15.8
14.3
15.0
13.9
14.0
15.8
13.7
16.6
15.9
14.8
12.8
17.5
13.0
35.6
36.4
41.5
45.7
35.7
36.2
36.4
37.1
39.0
39.5
39.9
37.1
39.5
57.2
36.8
38.0
38.3
37.9
38.0
64.2
38.9
38.5
49.0
37.8
55.8
38.9
39.2
56.0
37.5
52.2
38.3
36.9
37.8
38.9
39.2
38.2
39.0
37.5
37.0
38.9
37.0
38.6
38.4
44.0
37.1
37.8
37.4
37.8
28.9
30.3
30.4
30.8
30.2
30.0
33.4
28.3
29.0
31.4
33.7
30.0
31.4
33.1
28.7
34.5
32.5
31.2
30.6
27.5
31.3
30.9
31.7
28.2
29.6
31.0
30.1
32.2
27.0
87.3
86.6
88.1
105
90.2
87.7
87.6
99.3
85.9
30.0
28.9
31.2
30.5
28.1
30.4
30.4
31.3
29.1
31.9
45.9
45.8
46.3
45.3
45.4
45.3
45.4
45.1
45.6
45.4
44.9
45.2
45.5
45.9
44.6
45.5
44.5
45.3
45.4
46.0
45.9
45.7
46.7
46.2
46.1
45.9
45.2
45.3
46.7
46.1
45.3
45.9
45.8
45.6
45.6
45.1
45.8
44.8
46.2
45.5
47.0
45.1
45.6
45.5
44.8
44.7
45.0
44.6
124
124
123
124
124
124
124
123
123
124
124
124
123
123
124
124
124
124
123
124
124
124
124
123
123
123
124
123
123
123
124
123
123
123
124
123
123
123
123
123
123
123
124
124
124
124
123
124
13.8
14.0
14.0
13.9
13.9
13.9
14.0
21.7
14.0
13.9
13.9
13.9
13.9
13.8
13.9
14.0
13.9
13.9
14.0
13.9
13.9
13.9
13.9
13.9
13.9
14.0
14.1
14.0
14.1
13.9
13.9
14.0
13.8
13.8
14.0
14.0
13.9
13.9
13.8
13.9
13.9
13.9
13.9
14.0
13.9
14.0
13.9
13.9
80.1
45.7
49.9
36.9
37.3
122
137
36.8
36.6
47.8
48.8
37.7
48.9
56.0
117
46.6
48.4
46.0
48.4
46.9
49.0
80.3
70.5
48.9
46.8
50.0
51.7
72.2
92.2
80.7
90.8
89.0
102
89.1
89.5
104
89.0
47.7
45.5
60.6
48.2
40.8
61.3
37.3
48.6
38.8
38.3
53.0
57.1
47.9
62.8
56.8
60.4
56.6
57.6
48.5
69.9
104
58.7
56.4
55.9
123
78.2
157
72.8
57.4
58.5
129
55.9
71.9
56.6
72.3
68.3
56.5
70.0
55.7
56.1
57.7
69.0
56.7
57.6
126
77.6
47.7
55.6
59.1
117
112
94.9
49.3
58.7
70.3
56.3
56.1
59.0
54.7
53.7
54.3
56.8
50.5
52.4
55.6
52.0
58.6
53.8
52.2
54.7
56.3
58.7
52.3
50.5
54.5
64.3
62.8
58.0
63.3
64.0
68.6
55.7
60.5
52.6
48.9
54.2
58.4
67.2
104
66.4
67.0
72.1
66.8
56.2
59.9
65.3
59.1
52.7
51.0
53.7
58.0
55.8
53.8
55.5
62.8
56.6
97.0
56.2
56.2
58.8
54.2
63.5
53.5
57.3
98.0
92.3
94.8
95.9
96.1
92.8
292
98.4
91.7
443
94.7
98.6
436
267
105
437
285
281
394
317
94.9
92.2
106
97.8
94.7
94.4
94.5
94.2
96.3
99.4
94.9
93.2
94.4
91.5
94.7
98.3
95.8
107
92.1
92.1
96.7
95.0
97.1
96.1
94.8
92.3
93.4
92.2
36.9
59.8
31.0
31.1
31.6
32.3
31.5
31.4
31.2
31.1
31.2
31.1
31.1
31.1
31.2
31.2
31.1
31.1
31.1
31.1
31.1
31.1
31.3
31.1
31.1
31.2
31.1
31.1
31.0
31.0
31.2
31.2
31.1
31.0
31.0
31.1
31.1
31.1
31.0
31.0
31.1
31.0
31.1
31.0
31.1
31.1
31.1
31.1
31.1
51.9
39.4
39.6
40.5
67.4
39.0
42.4
39.9
51.4
38.8
41.2
38.4
40.3
39.9
37.8
40.3
38.8
40.0
43.2
37.7
57.8
56.9
40.3
39.7
41.0
40.4
37.1
39.8
42.9
86.7
85.4
80.4
80.9
81.9
79.8
80.5
80.9
81.0
36.9
39.9
38.1
39.8
39.7
38.3
38.6
41.1
40.7
38.7
7.76
7.67
7.70
7.67
8.15
7.67
7.64
7.68
7.63
7.66
7.67
7.59
7.75
7.67
7.69
7.65
7.69
7.78
7.70
7.68
7.78
7.60
7.64
7.67
7.72
7.65
7.64
7.67
7.72
7.69
7.69
7.74
7.77
7.63
7.62
7.67
7.70
7.66
7.67
7.63
7.67
7.73
7.77
7.66
7.71
7.67
7.70
7.69
48.0
44.7
44.5
44.9
44.1
44.9
44.4
45.0
44.5
45.0
44.7
49.6
46.2
163
44.7
44.0
44.6
47.0
46.0
45.3
46.8
46.0
51.9
51.0
150
48.8
48.1
47.3
44.8
44.2
44.9
141
44.2
45.2
146
82.3
44.9
46.7
45.3
44.9
49.1
45.1
45.1
44.7
44.7
44.3
45.7
66.2
66.3
66.2
66.2
66.2
66.2
66.2
66.2
66.3
66.2
66.3
66.3
66.2
66.2
66.3
66.2
66.3
66.3
66.3
66.2
66.3
66.4
66.2
66.2
66.3
66.3
66.2
66.2
66.2
66.7
66.2
66.2
66.3
66.3
66.3
66.2
66.1
66.5
66.3
66.3
66.2
66.2
66.2
66.3
66.3
66.3
66.2
66.2
22.3
22.6
22.2
22.7
22.3
21.8
24.7
22.7
22.1
22.4
22.1
22.5
22.7
22.2
22.4
22.1
22.5
22.3
22.2
285
22.3
23.2
23.1
22.6
26.3
55.4
22.3
22.4
246
35.9
22.7
22.4
57.8
45.5
43.1
45.1
36.7
44.3
92.5
45.8
49.2
52.5
54.5
46.8
44.9
51.6
101
45.4
45.9
44.0
46.3
65.2
45.6
47.1
43.8
44.4
46.1
45.7
45.8
45.8
43.7
94.9
95.3
98.8
94.3
133
84.6
94.2
96.2
87.5
35.8
45.3
44.1
44.5
43.9
49.1
45.7
59.8
50.8
49.6
41.9
124
40.4
46.2
54.3
46.1
41.1
41.7
40.5
41.3
45.2
41.0
44.3
50.7
48.8
42.0
41.6
41.8
44.7
47.4
39.0
39.0
39.2
38.1
43.6
42.4
42.5
39.7
39.2
89.2
84.7
86.5
89.2
86.2
86.5
86.9
91.0
83.7
41.4
40.1
40.8
41.9
49.3
42.4
43.4
41.7
42.6
41.9
55.8
42.2
42.1
43.5
42.5
42.4
42.8
42.6
43.0
42.2
42.9
43.3
43.4
43.0
41.8
43.1
42.3
42.1
43.7
43.3
42.4
44.8
42.9
43.0
42.2
41.7
42.3
42.1
41.7
42.8
42.1
42.0
41.5
42.0
42.8
42.4
41.9
44.4
42.3
42.5
43.2
41.9
32.9
33.1
33.4
32.9
32.9
33.0
32.8
33.1
32.9
31.9
32.6
32.4
31.9
32.5
33.2
34.9
32.7
32.4
32.3
32.6
32.7
32.2
32.7
32.9
43.7
33.2
32.4
33.8
32.9
32.6
32.8
32.1
32.7
32.2
32.1
32.6
32.2
31.9
32.6
32.5
33.5
32.8
32.7
32.6
32.1
32.8
32.0
32.8
35.6
35.2
35.0
36.5
35.0
43.2
35.9
35.2
48.5
35.6
35.3
46.1
35.6
35.5
35.1
35.4
35.9
35.1
35.1
31.6
37.1
98.8
35.3
39.4
35.8
35.5
38.1
35.2
35.3
35.7
35.0
34.6
36.4
34.9
34.7
34.7
35.2
35.8
35.3
34.0
35.4
35.1
34.9
35.1
35.4
35.8
35.3
7.36
7.72
7.27
7.35
7.49
7.31
7.29
7.36
7.42
7.35
7.35
7.41
7.44
7.36
7.29
7.33
7.28
7.43
7.37
7.34
7.38
7.30
7.33
7.40
7.33
7.31
7.30
7.24
7.34
7.30
7.26
7.35
7.46
7.39
7.27
7.41
7.57
7.35
7.35
7.43
7.38
7.26
7.36
7.32
7.37
7.35
7.45
7.37
46.8
46.8
46.6
46.9
46.2
50.1
46.7
46.8
46.7
46.9
47.0
46.1
46.4
46.4
46.6
47.1
46.8
47.4
46.7
46.9
47.1
46.7
55.2
70.0
72.6
59.7
64.3
47.2
46.8
47.2
46.6
46.6
46.5
47.0
47.0
46.3
46.7
46.7
46.5
46.7
46.2
46.8
47.3
46.6
47.0
46.6
46.3
47.0
21.4
20.5
33.0
17.4
34.4
22.5
17.7
26.8
25.8
37.7
26.9
23.8
44.4
21.1
31.3
26.7
24.4
31.8
29.5
22.3
22.6
27.8
28.6
29.0
30.7
32.0
22.1
28.0
25.2
26.7
26.3
33.8
25.0
21.7
27.2
50.9
25.5
29.1
31.7
24.0
32.0
22.5
25.7
20.9
26.3
25.7
26.9
27.7
40.1
40.0
31.5
41.0
59.2
49.4
40.1
39.3
40.5
38.9
40.4
32.0
41.3
41.2
44.1
320
86.8
145
34.2
406
629
532
174
490
119
203
80.1
38.3
104
345
486
574
147
199
151
112
66.9
108
425
113
121
147
118
119
48.4
69.5
74.7
75.4
83.0
75.9
74.9
75.7
87.2
74.1
74.2
73.6
73.7
73.0
74.3
75.1
75.8
74.1
73.8
75.0
72.9
75.3
75.9
75.5
75.6
75.1
77.1
76.9
74.6
76.7
76.0
75.1
76.2
71.9
76.0
76.0
76.3
74.5
73.6
75.0
73.6
75.3
75.0
76.5
75.0
73.3
74.8
75.6
74.3
44.8
45.8
42.7
44.4
45.3
43.7
48.1
46.5
46.7
44.4
65.9
54.6
46.5
46.4
46.1
44.7
46.3
56.5
47.8
46.8
46.6
45.6
46.7
46.5
56.8
44.0
45.7
44.7
70.6
71.8
54.2
45.6
43.5
280
46.1
46.2
42.4
45.5
44.7
43.2
44.6
43.6
43.1
46.6
46.0
63.3
45.1
45.3
48.4
46.9
46.4
47.9
42.9
45.8
43.6
48.2
47.2
47.4
47.5
78.5
53.8
70.7
52.1
52.5
66.6
56.7
57.0
52.0
56.4
50.1
46.5
45.0
46.8
46.4
43.9
44.3
45.5
45.7
43.3
138
84.2
2303
274
378
58.9
51.2
52.0
77.1
53.1
52.4
51.5
52.5
52.3
51.8
53.2
53.3
53.1
456
51.6
53.2
53.3
55.0
1179
1736
52.6
52.8
52.8
51.8
53.2
52.0
52.2
53.2
52.1
51.7
52.1
52.2
52.4
51.5
53.0
52.8
73.1
107
52.1
53.2
52.0
51.1
51.4
39.6
41.1
39.1
49.5
39.7
39.5
40.1
41.3
41.7
40.0
42.1
39.6
38.9
41.4
42.8
40.7
41.8
39.2
39.3
40.1
40.2
39.2
40.0
40.3
46.5
43.3
40.9
44.0
41.0
40.2
41.4
38.8
65.0
39.6
40.4
40.3
40.3
39.2
44.4
38.6
40.0
39.9
40.6
39.9
40.3
39.0
40.5
39.2
32.0
27.6
28.1
31.3
29.2
28.8
27.7
30.3
28.0
29.4
29.0
29.3
28.5
29.6
30.1
28.8
27.8
28.6
28.7
29.1
31.0
28.7
30.8
29.0
38.6
28.8
28.2
28.6
27.6
29.7
29.3
29.9
28.0
30.2
32.5
30.5
30.2
28.4
28.2
30.7
27.4
27.9
29.6
31.5
29.6
30.4
28.2
29.6
95.5
94.7
97.6
96.9
99.3
99.3
98.0
95.6
99.5
94.6
95.2
97.7
124
97.2
94.7
97.2
95.9
94.9
95.0
99.4
96.5
94.3
106
94.9
98.2
97.7
109
95.7
95.3
93.5
101
100
99.9
94.1
97.5
93.7
94.7
88.9
90.5
96.7
98.2
96.9
99.5
102
95.3
99.0
94.1
98.1
14.7
15.9
14.2
16.3
16.7
24.0
14.5
29.8
14.2
16.9
14.9
15.5
15.5
16.5
14.6
14.4
13.1
15.0
21.8
26.6
15.9
15.2
24.7
43.9
36.0
24.8
21.5
16.2
40.7
16.6
18.1
15.3
15.9
15.0
16.5
14.0
15.1
14.5
16.3
15.1
14.6
14.0
16.5
15.1
16.1
17.2
16.4
16.4
91.1
136
92.8
180
192
126
171
95.3
92.0
89.8
92.3
90.8
91.0
90.5
91.5
91.8
91.2
88.6
88.9
89.4
88.3
88.6
88.9
89.5
89.3
88.5
88.1
89.6
88.4
88.9
89.3
88.9
88.1
88.8
88.1
89.2
88.6
88.2
96.3
95.0
96.9
95.4
94.8
95.8
96.3
96.1
94.8
96.2
95.0
100
96.2
96.3
98.4
95.2
100
95.0
96.9
101
99.5
100
100
96.3
96.8
99.9
96.3
96.2
96.0
95.6
97.9
97.2
95.1
95.4
97.2
95.9
98.4
93.1
90.4
95.3
94.8
95.3
95.8
95.3
95.6
94.5
94.1
123
65.5
65.0
65.2
65.3
65.4
65.2
65.1
65.1
65.9
66.0
65.4
65.4
65.0
65.2
65.2
67.7
65.8
65.6
65.5
65.5
65.0
65.5
65.5
64.8
743
65.6
178
65.4
65.0
65.9
65.6
65.7
64.8
65.1
65.3
65.6
65.5
65.3
64.8
65.2
65.6
65.2
65.2
65.5
64.9
64.8
65.2
65.4
101
97.7
98.6
96.9
99.1
97.1
96.5
101
94.2
99.3
101
98.7
97.1
99.8
99.5
97.0
95.7
117
98.1
100
99.5
100
99.5
96.6
95.9
97.8
101
96.8
99.4
98.5
100
108
95.9
97.4
97.2
99.2
89.9
94.9
105
97.3
97.4
101
97.8
96.3
97.5
99.3
110
48.9
48.6
48.5
49.1
48.5
58.5
48.9
48.5
48.8
48.3
48.1
48.5
49.0
48.7
48.6
49.2
50.1
50.7
52.7
66.6
48.5
49.1
48.9
52.0
49.5
50.7
48.3
48.7
48.8
50.1
48.9
48.7
48.9
48.7
48.5
48.5
48.4
49.0
48.1
49.0
49.9
54.9
48.8
56.3
48.7
48.4
49.1
48.9
83.7
92.1
83.9
83.3
83.9
83.8
83.7
82.9
99.0
83.8
83.9
83.7
83.0
84.2
82.8
84.8
85.6
84.3
88.8
84.1
85.3
83.9
96.3
87.1
83.4
83.1
87.9
85.1
83.8
84.6
85.7
98.1
103
87.8
83.9
83.7
89.4
91.6
100
83.1
83.4
84.2
83.9
83.7
88.0
83.9
83.2
124
123
128
137
146
137
125
116
123
142
331
128
133
116
105
1315
140
145
178
200
234
139
128
142
146
133
121
131
154
124
124
127
143
121
131
139
100
125
140
145
143
144
142
141
140
141
139
143
17.0
11.7
16.8
12.9
24.5
11.5
14.4
14.1
23.4
14.7
11.9
20.8
11.8
14.9
12.1
13.1
15.6
14.6
12.7
12.7
12.6
15.0
19.3
19.1
25.0
12.0
13.8
13.9
17.1
13.8
12.6
48.1
17.1
16.0
18.6
14.7
21.3
11.8
18.1
13.0
12.7
13.2
19.2
16.1
14.7
16.1
15.7
14.7
36.6
38.5
38.4
37.2
41.1
39.2
39.7
45.5
36.8
40.2
43.8
36.6
38.8
38.0
38.5
40.0
36.5
40.6
38.1
40.4
39.1
37.3
39.0
39.6
37.5
37.4
37.7
39.8
53.5
36.7
37.5
38.4
37.2
39.1
37.7
35.9
36.0
37.2
36.2
38.6
36.9
36.6
36.3
39.6
35.2
37.9
39.1
38.4
45.7
59.8
55.6
58.3
58.5
77.9
49.6
53.1
55.7
58.1
46.9
50.8
57.9
58.5
56.2
57.5
55.5
61.0
55.6
58.4
54.3
58.5
54.4
51.4
54.1
56.9
54.9
56.2
53.4
56.7
60.9
56.4
48.1
44.9
57.8
57.6
53.4
58.6
51.0
54.1
57.0
57.6
56.6
56.4
58.2
55.5
58.4
57.0
85.4
84.9
85.0
84.1
84.4
83.5
85.0
86.1
91.6
86.7
84.0
85.7
85.2
85.1
83.5
83.6
87.0
84.9
84.7
179
84.3
85.8
88.6
82.5
86.0
118
82.9
84.6
83.9
85.9
87.4
85.6
85.0
85.6
85.9
83.7
86.3
95.6
106
82.6
83.8
83.2
87.4
84.8
82.7
82.7
88.1
84.9
57.9
23.6
20.1
24.8
19.9
32.4
25.1
30.6
25.9
31.7
50.4
32.8
24.3
24.8
21.5
27.5
33.8
229
27.4
19.6
20.2
24.5
26.8
28.5
27.9
31.5
97.9
23.5
32.6
222
174
103
99.1
159
119
98.1
173
93.6
30.9
21.9
19.6
25.1
23.6
26.9
28.4
26.5
22.8
27.6
57.3
56.1
56.2
56.4
55.5
57.3
55.1
56.0
57.5
56.1
56.6
55.2
56.7
55.5
57.2
56.1
57.7
62.6
55.8
56.2
56.2
56.8
56.3
56.2
55.0
57.5
55.7
55.3
55.9
55.7
57.2
55.6
56.1
56.6
55.8
56.1
56.3
56.1
55.3
57.2
56.5
57.2
55.7
55.3
57.3
55.9
55.1
57.2
38.4
39.7
38.2
38.0
41.2
38.4
38.8
39.1
39.1
39.5
38.4
38.0
38.1
38.7
38.7
39.4
38.8
41.7
38.2
39.0
39.5
38.5
38.9
40.2
55.5
39.2
38.7
39.4
40.1
38.9
39.2
39.5
39.2
38.5
38.0
38.6
38.2
38.8
38.7
38.3
38.2
47.6
38.6
49.0
38.7
38.7
38.5
39.3
34.4
35.5
34.4
34.1
34.8
73.3
73.7
76.2
76.0
74.9
73.9
79.7
76.1
76.6
73.9
76.5
74.1
72.4
73.2
76.5
72.9
72.7
76.2
74.6
76.3
75.8
73.4
74.0
74.8
35.1
36.8
35.4
33.5
35.1
35.0
33.7
34.0
37.6
35.0
34.0
34.0
35.4
33.7
56.7
36.8
35.6
34.7
37.1
44.5
46.7
35.4
36.3
35.9
38.5
36.2
35.8
35.3
34.7
44.7
44.5
67.6
63.6
61.0
44.8
43.9
41.4
69.0
43.5
49.6
54.5
62.1
36.4
36.1
36.2
46.3
42.9
52.8
44.3
43.7
44.2
44.3
42.8
47.4
49.6
44.4
46.4
44.4
35.3
42.7
34.6
35.8
46.1
36.1
43.3
27.3
22.5
30.6
28.4
100
23.7
32.3
27.3
19.5
152
25.5
25.3
33.1
25.9
36.2
21.5
32.1
21.5
168
18.6
25.7
65.3
63.0
68.4
29.7
24.1
183
22.5
24.3
93.3
179
89.9
152
95.8
87.8
87.2
90.5
94.6
25.2
26.4
21.3
33.4
26.8
25.9
118
22.6
22.7
20.9
86.6
86.3
85.1
87.0
85.1
86.6
85.9
85.9
84.8
84.9
86.2
85.0
85.5
86.7
84.8
89.1
86.1
85.7
85.6
85.8
86.3
86.4
86.0
86.3
86.1
85.1
85.7
90.9
86.9
86.3
85.1
85.9
85.8
85.7
84.8
85.6
85.1
83.9
84.5
85.8
86.6
86.4
85.5
85.7
86.0
85.7
102
86.2
47.5
50.1
58.7
47.6
47.6
48.4
48.4
49.4
47.8
47.4
48.0
48.1
49.4
47.8
47.6
47.9
47.4
52.9
47.8
47.6
47.7
47.6
48.8
47.6
47.6
47.4
47.5
61.5
47.4
48.9
47.7
48.2
47.1
73.7
47.7
47.9
47.6
48.1
47.7
47.7
48.0
48.2
47.6
49.7
47.5
48.0
60.5
59.9
17.9
18.9
17.1
19.4
19.0
19.5
17.7
19.2
19.2
17.1
18.2
18.9
19.2
19.3
17.8
19.0
18.1
17.9
17.7
18.8
19.0
17.8
19.9
17.7
32.9
17.3
18.3
19.6
17.5
17.5
18.1
17.3
18.0
19.2
17.5
18.9
19.4
17.1
17.0
18.0
17.6
18.3
18.3
18.7
17.2
19.5
18.8
19.0
36.8
35.7
38.3
37.4
36.9
35.9
36.4
36.5
40.2
36.9
35.7
37.0
35.9
37.0
37.7
35.2
35.8
39.4
37.0
39.4
38.5
40.9
37.7
36.0
45.0
37.8
36.7
36.8
37.5
36.4
37.1
36.8
37.5
36.4
35.5
36.2
36.0
37.1
40.1
36.5
37.6
36.9
37.0
36.6
36.1
35.9
64.4
65.4
64.2
64.9
64.5
67.9
65.2
65.0
64.6
64.8
64.9
64.6
65.3
68.3
64.8
64.9
64.7
64.2
67.3
64.8
77.1
65.0
65.2
64.6
65.1
64.8
69.6
63.9
65.2
65.3
64.5
65.1
64.6
64.5
65.9
64.9
64.8
65.0
65.0
64.2
64.1
64.8
65.0
64.5
64.9
64.7
65.4
64.8
56.7
56.8
56.7
76.0
55.5
54.1
56.1
64.4
56.9
55.0
56.4
46.1
55.7
172
56.2
55.4
78.3
56.2
60.7
57.0
59.3
59.9
58.1
56.8
73.6
58.5
55.3
55.8
59.4
62.2
74.8
62.7
61.9
76.5
62.9
60.9
90.9
64.4
55.6
52.6
54.4
56.6
65.0
58.2
64.4
66.3
45.9
54.8
127
47.7
39.2
47.2
46.6
46.7
46.2
46.5
65.0
154
111
178
46.4
46.4
47.2
37.9
38.3
91.2
88.6
50.2
51.4
46.7
49.8
47.5
81.9
43.0
47.5
47.5
46.3
69.7
38.2
38.3
53.0
48.2
46.0
46.4
45.2
46.9
49.3
46.0
46.9
46.0
38.9
48.9
46.9
60.4
47.7
48.0
66.0
68.9
60.7
64.2
62.9
67.0
67.9
64.0
62.4
67.8
69.1
64.8
76.4
75.9
90.6
62.8
60.4
65.9
58.7
83.9
65.0
68.3
60.6
78.7
64.7
65.3
60.3
67.6
77.0
70.4
107
70.2
89.8
66.7
69.6
73.0
73.4
81.3
60.0
59.4
60.6
61.3
66.0
70.6
68.1
74.3
59.2
61.6
43.8
43.0
42.7
44.1
43.1
42.2
55.5
45.4
42.6
42.3
47.4
41.8
44.7
43.8
43.0
46.0
43.6
43.9
43.5
42.9
42.6
45.0
50.9
65.1
67.8
56.5
42.3
42.7
65.2
44.1
43.8
43.6
44.0
43.7
43.0
44.4
42.3
42.8
50.7
41.5
43.1
41.7
41.3
43.1
41.2
40.8
41.2
41.3
30.9
30.5
30.7
34.7
30.5
30.7
31.1
38.5
30.7
41.5
33.9
33.8
31.3
30.9
29.7
45.0
37.1
31.6
31.1
30.6
31.4
30.3
30.6
32.9
31.6
31.9
31.5
30.5
30.6
31.2
29.7
31.2
30.3
29.9
31.0
30.6
89.9
38.4
33.1
30.2
31.0
31.1
31.3
29.9
31.7
29.7
29.8
30.6
22.1
22.1
22.4
21.9
22.7
32.9
21.7
41.4
22.1
21.8
25.9
23.1
24.5
21.6
21.8
22.3
22.4
23.6
23.2
23.3
22.5
22.5
23.5
22.0
22.2
22.4
30.5
22.2
22.8
21.7
20.3
22.4
22.0
20.9
21.5
21.8
22.4
21.8
22.5
21.7
21.4
21.0
21.4
22.0
22.4
23.0
22.1
67.7
66.1
64.9
63.8
80.3
80.3
79.7
78.3
91.3
78.0
82.7
64.8
78.1
80.4
77.3
76.9
71.4
76.9
82.0
65.0
81.7
67.0
96.5
64.1
73.5
63.1
77.3
61.1
88.8
80.2
79.0
92.4
84.3
83.1
81.0
78.9
68.0
77.6
73.8
75.5
68.9
68.8
75.2
61.0
60.7
77.6
74.9
74.4
27.5
26.3
25.9
37.3
37.1
40.2
26.7
32.6
41.5
40.6
44.1
44.1
47.5
39.5
25.5
41.5
43.7
43.7
25.4
25.0
27.0
40.5
33.2
26.7
42.0
33.1
26.3
26.2
25.0
27.2
25.9
25.4
26.6
25.9
28.2
26.1
25.5
26.9
39.1
25.7
26.1
27.6
25.0
27.0
25.9
27.5
25.2
24.9
64.3
65.1
47.5
59.2
47.3
65.3
49.8
64.5
65.2
62.3
55.3
61.6
58.3
58.3
58.6
57.5
67.6
46.3
66.9
65.2
61.5
63.6
57.3
62.3
60.7
65.0
63.7
57.0
45.7
57.6
56.8
73.6
71.7
72.4
76.0
70.6
59.4
58.2
46.7
57.5
57.0
44.7
55.1
61.0
65.7
46.1
48.2
69.2
27.5
28.0
24.9
27.5
25.1
23.2
26.7
24.3
26.2
23.8
22.3
30.5
26.4
24.6
26.2
21.3
23.0
22.6
23.0
20.4
26.3
28.0
27.6
25.5
27.6
24.7
35.9
26.6
30.6
25.6
26.1
22.5
24.0
24.0
27.5
23.9
22.3
26.4
24.2
26.6
24.8
24.7
24.9
28.1
25.6
22.8
35.4
25.4
61.3
61.0
60.8
60.8
60.9
61.5
60.9
61.0
60.8
61.1
60.9
60.9
61.3
60.7
60.9
61.4
60.7
61.3
61.0
61.1
61.1
60.8
61.2
60.8
61.2
60.7
60.8
61.1
60.9
61.2
60.8
60.9
61.1
61.0
60.9
60.9
60.8
60.7
60.8
61.3
61.0
61.0
61.0
61.1
60.9
60.9
60.9
60.9
32.6
31.2
43.1
32.1
33.7
32.4
31.2
34.6
36.0
32.6
31.9
32.1
33.7
35.5
32.8
29.3
38.2
33.2
31.5
31.7
40.3
32.8
40.1
34.7
32.7
53.8
33.5
37.3
35.2
82.0
80.0
83.8
79.7
79.9
80.9
82.5
79.4
79.7
36.9
32.1
31.6
38.1
30.5
36.9
33.4
32.9
32.4
32.0
39.8
38.0
39.2
36.5
35.7
38.1
37.0
38.9
35.7
37.9
39.9
38.4
41.0
38.8
38.3
38.4
36.5
44.7
37.4
36.2
43.1
36.6
38.8
37.2
38.2
40.1
37.7
38.8
38.2
41.1
36.4
37.9
36.6
39.5
37.5
37.0
47.5
37.5
36.9
38.3
36.3
38.3
36.9
36.6
41.9
35.8
37.1
38.7
50.0
48.0
46.6
46.4
50.9
48.0
45.3
35.6
46.7
48.6
45.3
46.2
47.1
52.6
46.5
45.8
45.7
46.7
61.5
45.5
45.4
46.1
48.6
46.7
34.8
46.4
45.3
46.5
45.9
46.1
47.1
45.6
46.9
58.0
45.5
47.2
46.9
45.9
46.2
45.6
46.3
52.5
47.7
36.2
47.4
47.0
45.4
45.2
59.0
60.4
59.4
58.4
59.8
58.4
59.3
60.0
59.8
69.2
57.8
61.5
58.4
58.6
58.6
59.5
58.2
58.1
65.9
58.5
57.7
59.7
58.9
60.8
61.6
58.7
60.0
201
58.8
60.9
61.5
58.9
59.6
59.2
60.6
58.3
61.2
59.0
58.2
60.0
58.6
57.3
58.8
154
58.7
59.8
57.6
61.9
7.68
7.64
7.69
7.72
7.61
7.57
7.71
7.59
7.71
7.66
7.70
7.62
7.65
7.68
7.68
7.66
7.66
7.68
7.66
7.61
7.61
7.61
7.62
7.59
7.64
7.67
7.64
7.63
7.74
7.60
7.65
7.61
7.73
7.65
7.76
7.65
7.59
7.60
7.67
7.63
7.63
7.66
7.60
7.61
7.67
7.66
7.68
7.69
7.74
7.59
7.67
7.72
7.70
7.77
7.71
7.67
7.67
7.77
7.65
7.57
7.61
7.74
7.68
7.75
7.73
7.68
7.65
7.59
7.78
7.69
7.68
7.72
7.65
7.64
7.67
7.65
7.77
7.80
7.77
7.63
7.72
7.69
7.73
7.57
7.73
7.98
7.74
7.64
7.59
7.66
7.65
7.60
7.72
7.76
7.85
7.67
64.4
64.5
64.2
64.8
63.9
64.4
64.2
65.1
64.9
64.9
63.9
63.6
64.8
64.1
64.2
63.9
64.8
64.9
65.2
64.1
64.9
63.9
64.5
63.9
64.0
65.4
64.8
64.6
64.0
64.6
65.1
65.2
64.2
62.7
65.1
63.3
63.1
63.8
63.7
63.1
63.7
64.1
356
63.4
63.6
64.2
63.5
63.0
149
121
108
135
325
102
116
136
307
102
131
81.9
124
362
119
127
156
155
267
105
151
329
183
153
140
111
134
134
164
114
140
148
167
3535
103
5935
1298
418
4209
766
239
238
492
207
156
109
93.8
47.8
48.0
48.7
47.2
47.5
46.8
47.6
47.2
47.3
47.7
47.5
50.6
47.8
47.8
64.5
48.5
55.2
47.9
46.6
48.7
47.9
47.2
48.2
50.8
51.4
49.0
48.3
47.0
47.3
47.0
50.2
47.3
46.9
47.8
46.6
48.0
47.2
47.5
48.9
47.0
48.7
48.6
48.5
47.9
47.2
48.0
47.8
47.6
81.2
80.9
82.1
81.7
81.7
81.5
81.0
81.8
82.0
81.7
81.1
81.9
81.2
81.8
81.6
81.9
80.8
81.4
84.3
76.1
81.6
76.4
81.0
81.1
82.9
77.3
82.6
82.5
84.1
83.5
80.9
81.5
77.8
82.4
83.3
83.5
80.6
82.5
80.6
81.6
82.6
81.3
81.6
81.8
138
135
135
135
69.7
69.9
69.8
69.9
70.2
69.4
69.8
70.1
69.7
69.8
69.6
69.7
69.8
69.4
69.6
69.7
69.8
69.8
70.0
70.1
69.0
69.8
69.2
70.0
87.2
87.1
89.5
88.0
87.9
88.0
87.5
88.2
89.1
87.8
88.9
89.9
88.5
87.2
89.1
87.8
88.8
86.8
89.1
89.6
89.0
87.1
91.6
106
88.0
88.8
90.5
93.3
152
92.6
89.0
93.6
88.1
89.2
88.3
87.8
97.0
95.6
87.3
88.7
88.4
87.0
87.1
102
87.7
88.5
88.0
681
593
499
638
615
479
534
383
621
568
266
590
466
537
330
589
599
668
645
424
616
276
100
345
557
101
369
515
572
533
584
100
331
558
552
435
444
443
599
491
473
500
495
649
75.4
74.4
74.0
74.6
75.0
75.6
75.7
75.2
75.9
75.6
75.0
75.4
74.9
246
383
75.5
74.9
731
499
925
659
75.3
80.2
74.8
74.6
74.6
75.2
74.3
75.1
456
302
75.6
75.3
153
551
74.2
448
538
74.6
75.4
73.2
73.5
73.0
73.7
73.5
73.6
74.1
74.4
63.8
43.8
42.4
30.5
30.2
30.4
30.7
30.7
30.2
30.9
30.7
30.4
30.8
31.3
30.5
30.8
30.8
30.3
30.8
30.8
30.6
30.4
30.4
30.4
31.0
30.7
30.5
31.0
30.3
1143
30.7
30.9
30.9
30.6
30.1
30.2
30.9
30.5
30.8
30.8
30.6
30.4
30.3
30.6
30.3
30.5
30.4
31.1
84.3
96.7
95.3
85.2
93.8
117
114
93.4
128
95.4
84.1
94.4
93.2
93.8
84.9
84.3
93.8
99.0
104
93.9
92.4
92.5
100
93.8
95.5
83.9
109
106
92.8
82.7
82.6
83.2
92.1
83.0
92.5
82.1
139
92.2
95.7
85.8
85.3
95.1
83.7
92.4
84.9
85.0
85.2
97.8
130
46.2
44.8
44.7
53.2
45.8
47.3
44.9
47.3
44.7
46.3
46.8
48.6
44.9
49.0
80.8
45.2
47.9
46.0
43.6
44.4
45.1
44.3
130
49.2
46.7
43.8
47.8
48.1
52.8
51.3
52.7
51.1
50.6
51.1
49.8
52.7
59.8
58.5
44.0
44.4
53.7
46.3
42.8
44.9
43.9
43.5
48.6
185
307
280
134
132
118
117
117
117
117
119
748
263
302
519
507
572
118
119
118
119
117
118
118
118
117
118
118
118
118
117
720
118
118
117
117
118
71.0
63.0
61.2
76.4
61.2
60.9
60.0
60.2
70.8
62.8
61.9
60.0
62.1
64.7
62.2
61.4
61.0
63.4
60.0
63.3
61.9
64.1
171
195
114
228
289
397
170
220
326
474
214
186
70.5
269
561
83.7
59.5
60.6
60.6
70.2
74.8
71.3
72.4
74.1
74.6
76.0
89.5
107
88.5
89.1
89.2
88.8
88.5
89.2
88.5
89.1
89.2
88.8
89.5
89.1
89.6
88.9
89.0
89.3
88.7
88.8
119
88.8
147
88.3
115
113
89.0
125
126
89.1
89.1
88.9
89.2
89.2
89.1
89.1
89.6
89.7
89.6
89.8
89.3
88.3
89.1
88.6
89.1
89.2
88.7
31.2
32.8
29.7
21.5
34.2
36.5
39.6
37.4
44.1
37.5
38.9
26.7
28.4
23.0
38.0
41.2
39.2
44.9
37.6
22.4
38.7
37.2
35.3
37.7
41.7
33.1
26.4
29.1
102
105
92.2
107
89.3
90.7
88.1
101
101
36.4
30.6
23.6
34.3
35.0
37.5
36.7
39.8
37.5
36.8
46.1
59.5
45.3
45.5
45.8
44.9
46.4
45.4
46.2
45.5
45.6
45.9
45.1
45.7
46.1
46.0
53.4
45.2
46.4
45.7
46.2
46.5
45.5
46.1
46.4
45.4
46.1
45.7
47.7
56.6
57.2
56.5
56.4
63.9
57.3
58.1
60.8
56.3
46.1
45.3
45.1
45.1
45.4
46.0
45.6
45.4
45.4
45.7
32.1
33.7
35.5
34.4
33.6
34.8
714
32.4
42.0
32.4
35.5
33.1
2599
3890
3041
2557
1297
2304
2123
2322
984
33.4
762
410
34.8
1221
1052
178
33.1
35.3
32.1
34.8
204
177
133
157
121
32.3
947
31.9
32.1
34.3
31.9
36.5
32.7
33.8
32.9
31.6
64.1
49.7
48.4
61.5
63.8
55.5
51.4
56.8
49.3
49.9
62.3
57.0
49.1
58.3
57.4
58.9
50.0
48.4
56.1
49.1
49.4
56.5
57.2
49.8
57.2
49.5
59.9
71.8
65.0
58.6
57.8
59.2
58.3
58.8
56.9
55.6
58.6
46.6
56.9
56.8
47.6
58.0
49.1
49.8
66.6
64.4
45.8
52.6
20.8
21.3
21.0
21.6
34.0
22.3
30.0
21.3
23.5
22.2
21.8
20.9
21.2
21.2
21.3
22.1
22.2
23.8
23.5
23.6
22.3
22.0
21.8
22.2
21.3
21.2
21.9
21.0
22.1
21.7
21.0
22.3
20.6
21.5
21.3
21.7
21.2
20.8
22.4
22.5
21.1
22.8
21.6
22.8
23.2
22.0
22.1
47.7
47.3
50.4
46.5
64.7
58.3
47.0
47.0
46.9
68.3
92.2
62.0
59.1
46.4
57.2
58.6
48.7
60.5
50.6
56.1
56.2
55.8
46.4
48.4
45.5
57.2
47.2
58.3
48.6
56.5
56.9
57.8
54.9
54.9
46.8
55.6
45.6
47.4
46.8
45.9
46.2
46.7
46.1
46.1
48.1
57.6
47.8
45.7
132
93.0
91.7
112
107
119
103
104
103
104
109
114
106
94.4
93.3
90.8
101
102
103
112
92.2
111
93.3
93.7
102
101
94.0
92.2
102
103
91.8
101
122
112
110
109
99.1
96.4
102
107
104
104
92.1
91.8
91.4
93.1
93.2
59.0
60.4
59.3
59.1
58.7
58.3
59.3
130
60.0
61.9
60.2
60.3
59.1
60.8
60.8
59.2
59.9
61.5
60.3
60.7
60.4
58.1
62.2
61.0
59.0
60.3
58.2
57.5
59.4
60.7
59.9
57.6
61.1
59.7
60.1
58.8
59.5
58.0
58.4
58.2
61.5
61.8
59.4
60.4
59.4
62.5
59.1
44.9
37.9
98.5
38.0
57.9
44.1
100
38.3
51.8
129
46.1
72.2
45.8
44.2
39.2
52.0
37.5
96.8
39.9
40.6
38.6
42.8
39.1
93.9
47.1
51.0
101
97.5
107
38.3
86.4
38.7
54.0
37.7
46.3
38.8
38.5
60.5
39.3
38.3
47.5
46.4
37.5
38.0
99.9
48.7
63.0
125
79.0
64.6
62.5
62.9
60.3
139
89.8
278
59.0
65.3
479
327
366
134
217
65.5
258
76.1
60.6
892
1148
66.7
65.1
566
319
73.0
63.4
72.9
362
70.2
66.6
65.8
67.6
73.6
157
68.6
62.4
216
263
61.4
59.3
111
116
66.9
63.9
63.7
64.8
66.1
65.9
64.1
64.6
64.4
67.2
63.6
68.4
64.8
62.9
63.5
62.3
63.3
63.7
63.2
62.9
65.7
63.1
65.4
69.0
63.0
63.1
62.0
63.2
62.6
62.7
63.5
74.7
75.3
77.4
75.6
73.2
75.2
76.1
76.0
74.0
65.3
62.4
65.5
65.2
62.3
64.0
65.7
63.8
66.8
66.5
104
104
104
106
105
105
105
105
106
106
106
106
106
106
106
106
106
106
106
106
105
106
105
106
106
105
106
105
106
105
105
106
105
105
105
105
105
104
43.0
119
42.3
35.8
42.4
42.0
33.3
41.7
40.2
42.8
42.2
31.0
49.4
51.8
43.5
41.2
43.6
41.9
42.3
44.7
59.1
41.6
41.6
41.5
32.9
45.1
56.6
31.1
91.6
80.0
90.5
90.5
79.8
92.4
92.8
140
89.7
40.2
32.0
41.0
39.0
82.7
30.9
31.2
31.0
67.8
33.0
49.1
46.8
48.3
54.9
49.7
45.8
48.1
50.5
48.6
49.3
47.7
49.7
47.7
47.4
46.7
36.0
47.4
45.9
44.9
50.5
49.5
51.0
50.5
48.9
48.4
35.4
49.9
35.0
48.9
46.1
35.5
45.7
37.3
34.8
36.1
46.4
50.5
50.2
35.8
49.8
48.5
49.9
48.3
46.0
47.3
48.2
47.9
47.4
78.2
76.7
79.0
79.5
79.4
80.0
79.0
79.7
81.4
79.1
79.3
79.4
81.7
79.4
78.6
83.7
79.7
80.1
78.8
96.6
78.6
77.6
78.8
149
79.6
80.0
85.8
77.3
83.5
82.7
81.8
81.6
82.1
83.2
82.4
86.6
81.8
78.4
80.5
78.4
78.8
79.3
79.0
77.9
79.0
83.9
80.9
122
88.3
133
117
59.9
178
4443
123
122
99.5
124
123
114
172
67.4
114
123
121
114
121
87.5
93.9
82.6
76.1
95.7
1073
71.8
916
70.8
166
76.3
531
837
1903
1415
1130
264
602
282
308
1258
897
770
187
114
99.3
108
104
95.6
121
104
97.5
97.4
102
120
103
103
107
97.3
92.9
132
97.3
96.6
98.1
104
99.8
99.8
112
97.1
102
123
109
98.3
113
102
102
94.0
98.5
97.1
102
96.8
105
95.5
100
97.5
98.4
94.8
99.4
102
104
102
94.9
95.2
95.0
42.7
40.0
40.5
37.8
40.1
36.1
41.3
40.0
35.7
36.6
36.6
38.9
44.1
40.0
42.3
59.9
37.5
42.5
42.9
38.8
37.2
39.1
36.6
39.7
37.6
44.6
36.7
37.1
36.0
42.8
46.8
40.9
39.4
38.6
56.3
36.8
36.7
40.7
39.4
38.7
36.3
38.8
36.9
36.7
37.6
38.7
40.9
49.5
51.5
179
39.4
76.4
44.9
46.2
52.9
53.2
52.8
46.0
39.2
39.8
47.5
40.0
49.5
44.4
39.9
42.6
41.5
40.1
39.3
44.2
39.5
48.2
50.6
43.8
49.2
50.5
53.6
50.4
43.7
54.8
51.0
39.4
38.6
39.1
40.7
47.0
40.9
39.2
40.2
39.7
39.5
40.0
46.9
39.5
39.1
50.2
105
108
93.2
105
123
120
105
131
118
90.2
121
119
90.1
92.6
138
103
127
94.0
112
109
154
92.4
109
119
114
100
106
108
100
143
113
91.0
142
120
103
100
124
95.4
222
145
108
93.8
98.0
123
96.5
498
106
91.0
91.1
103
100
104
99.4
117
105
96.5
104
106
121
105
116
106
107
107
104
102
103
101
159
109
105
103
105
103
104
112
99.8
147
108
97.3
93.1
95.1
99.3
100
97.1
105
106
113
105
93.2
109
93.5
107
106
129
36.4
35.1
35.4
35.8
35.9
35.3
36.4
35.3
36.1
35.7
36.1
36.3
35.3
35.1
36.7
36.1
35.1
35.2
35.4
35.7
35.8
36.4
35.3
37.0
36.6
36.2
35.8
36.8
39.2
35.0
36.3
35.7
35.2
36.4
35.7
35.3
35.6
35.4
35.3
35.2
35.2
35.9
35.7
35.2
35.3
35.6
35.0
37.4
60.7
57.8
60.7
44.7
63.5
61.5
58.1
61.2
60.9
59.9
63.7
47.5
53.7
50.4
59.6
63.2
63.6
65.1
61.6
48.1
47.5
64.6
67.7
54.6
71.0
64.8
77.9
86.9
70.8
69.1
75.5
72.9
75.0
75.1
76.2
59.8
57.4
71.1
67.3
64.5
56.6
49.4
48.3
59.4
63.7
60.0
62.9
60.6
75.1
243
91.3
92.1
86.2
90.0
91.9
90.9
97.1
89.0
84.9
72.6
86.1
89.0
89.2
87.6
82.9
86.7
64.5
83.2
68.9
84.5
80.9
82.7
97.2
96.4
113
85.0
107
46.4
73.9
59.4
84.1
62.7
83.5
62.1
75.1
76.7
60.5
68.9
79.3
75.6
95.3
67.8
72.8
498
105
54.1
61.4
54.1
77.3
56.7
55.5
54.6
80.8
60.8
54.9
53.0
53.0
52.5
53.2
53.5
53.6
52.7
52.4
53.2
52.6
52.9
53.1
52.6
52.7
52.9
53.0
58.8
53.5
53.6
49.7
52.0
47.1
45.9
44.5
48.2
45.9
58.5
48.1
49.7
44.8
44.9
45.7
45.2
45.6
45.8
45.1
45.1
44.4
44.9
44.1
47.7
48.2
46.7
45.9
46.8
53.2
66.4
46.7
47.1
45.8
47.5
46.4
44.2
48.0
44.0
44.8
46.5
44.9
49.5
44.9
45.7
46.0
88.5
45.9
48.0
51.2
86.3
84.7
84.5
84.7
86.6
85.4
84.1
84.5
95.5
85.1
84.5
86.9
86.2
86.5
84.2
84.7
87.1
85.7
94.9
85.1
86.2
85.9
85.2
88.9
90.6
84.9
85.3
85.1
86.4
85.1
93.3
84.3
86.5
84.9
84.4
85.6
84.4
97.4
93.1
94.5
86.9
84.8
86.9
84.6
84.4
89.6
85.4
85.8
64.7
141
83.7
69.9
104
66.5
63.7
61.9
328
792
551
295
67.6
109
64.9
51.9
101
72.2
56.8
62.4
256
635
62.0
170
275
94.4
66.7
126
277
67.7
70.1
59.5
405
137
86.7
59.3
58.1
58.9
52.6
143
50.6
175
275
69.5
62.0
66.3
176
118
21.5
20.0
19.9
20.0
23.2
20.5
25.4
22.7
25.3
22.2
24.5
29.8
25.8
21.7
24.8
21.5
20.2
23.1
19.8
20.4
28.5
24.8
21.0
24.2
20.3
26.4
21.9
24.9
23.2
23.4
25.3
20.0
32.0
30.6
30.6
20.3
22.7
32.5
22.0
22.7
23.5
22.7
29.7
28.1
30.3
27.4
108
28.5
37.5
38.1
39.1
47.0
38.0
39.4
38.6
42.4
37.9
40.1
38.7
39.2
44.6
38.3
37.7
37.7
38.2
38.0
38.6
45.0
39.1
40.0
41.1
39.5
37.9
38.1
39.7
39.2
40.6
38.5
38.3
40.5
41.3
37.6
39.8
39.1
39.7
38.2
39.2
37.6
38.9
38.6
38.2
48.8
37.7
39.1
39.3
38.4
58.7
49.2
47.7
47.4
58.8
48.9
48.2
48.4
50.2
49.4
48.0
57.2
47.4
49.1
61.3
63.7
47.6
55.0
48.7
47.7
48.9
58.6
50.7
47.9
45.9
49.0
49.4
56.4
48.4
47.6
48.5
49.2
49.5
47.8
48.2
48.6
47.4
49.2
48.9
47.6
49.0
47.6
48.5
47.8
48.3
48.2
49.1
58.5
31.8
31.8
31.6
33.0
31.8
33.4
32.1
31.9
31.8
33.3
32.6
32.3
33.5
32.3
37.9
42.0
34.5
31.7
31.4
38.5
34.7
30.8
32.8
32.6
32.7
33.6
34.7
30.7
36.2
34.1
35.0
34.7
32.6
37.1
31.6
30.5
31.4
32.2
31.3
30.2
31.0
33.2
30.1
31.6
31.1
34.5
31.9
32.5
18.5
19.0
18.3
20.3
21.7
19.5
18.9
18.5
20.6
19.9
20.0
20.0
18.4
19.2
19.7
20.2
19.8
18.2
37.9
19.9
18.7
33.0
40.6
41.4
40.5
45.8
38.2
33.2
46.8
19.2
18.7
19.3
18.8
19.4
19.2
20.5
18.5
19.1
19.2
18.5
19.3
19.6
19.6
19.5
18.4
20.0
20.3
18.5
35.4
36.0
36.5
35.1
37.8
36.6
43.3
35.4
35.1
35.4
36.1
36.7
36.9
37.2
35.5
36.4
36.5
36.1
54.4
37.1
34.9
37.1
35.5
35.5
34.8
35.9
35.6
45.8
35.8
36.3
43.2
36.9
36.5
34.9
35.8
36.6
36.7
35.7
36.6
35.8
36.2
36.8
34.5
35.3
36.5
35.2
34.7
35.4
46.8
48.4
47.9
46.7
46.6
46.1
55.0
46.3
46.2
55.2
47.6
46.2
45.6
46.2
46.2
46.6
46.0
47.0
46.9
46.7
46.6
53.7
48.1
46.7
46.5
53.6
46.4
47.0
47.0
46.6
46.4
46.2
46.2
47.0
47.1
46.8
47.5
47.1
46.0
46.9
46.2
46.0
46.1
45.9
47.1
46.6
53.6
46.7
23.5
14.5
24.1
24.2
23.6
22.8
15.8
15.7
23.2
24.6
23.2
23.2
24.3
14.7
16.1
25.8
23.9
24.5
16.3
25.7
29.9
24.5
23.5
32.4
24.8
23.9
23.7
23.7
25.5
24.2
23.3
23.4
15.8
24.1
34.5
23.0
23.8
16.2
26.0
24.2
23.7
24.6
24.1
23.9
24.0
25.2
23.5
24.0
47.4
45.8
45.3
45.2
45.9
46.2
45.5
48.8
47.0
45.7
46.0
45.0
44.8
49.3
56.0
63.2
45.8
45.7
46.6
45.5
46.7
45.0
45.6
45.7
65.0
44.7
46.1
46.0
44.2
45.2
45.2
44.2
46.6
45.2
48.2
45.5
46.6
45.7
45.8
45.0
45.0
45.8
46.1
45.5
46.0
63.8
54.9
59.5
22.1
22.6
26.8
26.6
22.3
26.8
26.8
29.3
23.8
23.7
25.6
25.7
24.0
23.9
26.1
22.2
22.5
24.0
29.5
22.6
23.4
27.3
24.1
28.0
27.0
26.8
22.4
24.6
26.4
22.5
29.1
24.8
22.2
26.4
23.7
24.9
23.0
26.9
24.4
25.9
24.6
28.0
23.4
28.2
27.3
24.4
22.5
25.4
23.4
24.7
20.4
22.1
21.7
15.7
23.5
24.0
21.7
19.3
23.3
22.4
18.4
26.9
21.2
24.6
19.9
25.4
20.4
18.9
20.5
16.1
25.8
16.1
27.5
24.5
16.7
19.5
26.3
25.8
23.9
22.1
18.3
17.9
19.6
22.6
21.2
21.2
24.9
17.5
16.9
24.0
23.8
21.7
23.7
23.5
20.6
24.0
77.4
77.5
77.7
77.6
77.5
77.9
77.8
77.4
77.8
78.0
77.9
77.6
77.7
77.7
78.0
77.6
77.6
77.6
77.3
77.7
78.1
77.8
87.8
102
102
103
96.8
78.5
78.0
77.4
87.6
78.0
77.7
77.7
77.3
77.5
77.8
77.6
77.8
77.8
77.2
77.2
77.7
77.7
77.9
77.5
76.8
77.2
47.9
47.5
47.8
48.6
48.8
47.1
47.1
47.9
47.8
48.3
113
86.2
339
112
81.4
192
64.2
86.7
51.8
54.9
48.5
86.9
56.3
98.7
83.3
76.0
50.6
105
114
113
105
111
113
107
61.1
79.4
113
108
114
48.8
158
130
156
112
150
137
142
143
152
113
109
139
103
99.8
96.1
96.5
153
121
124
99.5
94.5
139
91.2
120
130
151
140
146
661
118
126
887
1279
576
711
523
147
212
316
204
74.2
372
88.5
47.9
45.7
47.8
40.2
45.0
45.2
46.3
50.4
47.7
55.0
39.3
39.8
47.7
48.1
41.1
41.4
45.6
40.2
47.1
47.6
46.0
38.1
37.4
39.4
49.5
40.1
40.6
40.2
40.9
40.5
41.3
49.3
48.6
46.9
47.6
39.7
48.5
45.7
46.4
46.9
47.8
47.7
39.6
45.7
47.7
39.2
38.4
58.7
84.2
83.1
83.9
84.3
84.8
84.1
84.5
84.9
83.9
84.5
82.9
84.3
82.8
82.9
83.8
83.8
83.8
84.0
82.9
83.8
83.7
83.9
84.3
82.9
83.9
83.0
83.8
84.0
84.1
84.5
84.0
83.1
84.5
83.9
82.9
83.8
84.0
84.0
83.7
83.8
83.8
83.9
83.7
83.7
82.9
83.9
82.9
83.4
89.7
84.4
86.9
85.3
85.5
86.6
85.9
86.8
86.6
87.7
86.7
85.1
87.4
86.7
86.0
85.2
86.3
84.8
84.8
85.3
86.8
87.0
86.3
84.7
84.8
86.5
85.4
84.3
85.5
85.0
86.3
86.8
85.7
84.4
86.2
84.3
84.4
94.7
92.8
84.9
84.5
84.9
84.8
85.1
86.1
86.3
85.8
85.5
428
343
45.0
1114
272
42.2
96.6
47.2
44.5
474
449
43.4
352
165
143
547
39.6
43.5
45.2
41.2
40.8
40.7
483
41.6
257
905
121
40.2
41.7
228
86.5
82.7
89.4
86.9
84.6
237
164
83.5
43.5
44.9
41.8
42.5
41.5
40.6
50.8
44.4
40.5
41.6
60.6
68.3
64.2
69.5
60.5
57.4
61.7
61.4
71.6
62.5
70.4
78.5
69.1
67.7
73.8
62.1
59.1
56.4
57.5
67.3
58.7
69.1
69.1
59.2
59.3
69.3
70.2
60.0
59.1
69.5
69.0
58.7
58.8
67.9
59.8
57.7
58.5
58.2
70.8
59.8
58.2
61.6
60.6
59.5
58.7
58.3
57.8
59.1
211
83.3
92.0
91.5
92.4
84.9
96.5
92.1
95.5
95.8
163
90.5
89.2
83.9
85.1
98.7
95.6
101
150
83.0
244
186
88.3
182
167
185
89.0
105
84.8
165
88.2
85.2
85.1
85.0
91.1
88.1
97.0
87.2
169
85.4
83.1
91.1
86.6
85.7
85.6
83.2
86.6
92.9
164
230
224
325
273
281
275
48.7
315
193
269
111
182
229
66.5
130
345
249
48.7
156
186
197
237
211
425
94.2
172
168
78.3
236
109
208
179
95.0
109
166
181
183
154
200
123
48.7
363
350
363
312
74.0
81.9
49.0
85.3
126
405
404
215
390
229
370
86.6
263
51.3
245
50.6
192
275
207
202
81.4
226
58.6
319
70.5
57.2
240
304
84.5
165
258
64.8
318
59.1
48.6
70.3
48.5
57.0
273
164
180
150
308
63.5
58.3
151
126
49.3
257
95.3
99.4
96.3
97.2
92.8
95.5
96.9
94.5
96.1
104
98.6
101
100
102
98.4
94.3
98.0
99.1
100
102
97.7
95.9
93.9
102
91.3
98.0
96.9
98.4
104
98.4
106
99.7
95.6
94.7
94.8
99.3
98.3
92.5
94.1
95.9
138
97.7
94.0
97.8
96.1
108
97.2
95.6
42.3
41.5
42.3
41.8
41.9
43.4
42.8
47.1
43.6
41.1
42.2
42.0
45.2
42.3
42.1
42.5
44.7
42.5
41.2
42.7
52.6
44.6
42.6
43.2
43.9
44.1
41.8
42.2
49.9
41.8
41.5
64.6
42.0
41.8
94.2
41.7
41.0
42.0
42.4
42.1
42.4
41.5
41.2
41.8
41.3
40.7
41.7
41.9
0.918
0.788
0.825
0.867
0.757
0.753
0.754
0.838
0.803
0.908
0.859
0.899
0.875
0.782
0.915
0.752
0.799
0.934
0.882
0.768
0.813
0.930
0.888
0.822
0.777
0.900
0.812
0.767
0.819
0.750
0.918
0.785
0.814
0.763
0.820
0.807
0.875
0.707
0.808
0.879
0.776
0.852
54.2
56.1
51.2
56.0
53.6
54.2
53.1
56.0
54.5
55.0
55.8
53.1
60.5
59.4
55.3
49.7
58.6
52.5
54.0
53.1
53.3
57.6
51.3
53.6
52.3
53.1
51.8
63.7
51.5
59.8
58.4
62.0
59.2
70.9
58.5
59.0
87.8
60.6
52.6
54.6
49.5
56.1
53.2
53.7
53.5
52.9
54.2
49.6
54.0
53.5
54.1
53.6
54.1
54.1
54.5
53.9
53.5
53.9
53.7
52.8
53.8
53.9
53.5
54.1
54.2
52.9
54.1
53.1
53.9
53.3
62.2
76.4
80.5
76.0
70.3
54.0
54.0
53.6
52.9
53.6
53.0
54.4
53.8
53.7
53.6
53.7
53.4
53.4
53.3
53.6
53.0
53.0
53.5
53.1
53.5
53.8
168
171
179
173
169
170
172
189
169
172
215
157
170
184
167
153
155
168
172
168
153
155
157
170
183
185
168
156
168
179
169
199
187
170
144
173
176
170
160
170
170
188
172
170
186
182
184
233
169
154
123
124
133
104
210
148
311
161
19.8
106
76.6
22.6
19.9
68.8
20.8
101
20.4
21.3
229
20.9
32.7
109
26.4
441
21.0
20.8
18.9
19.5
43.4
40.7
40.7
146
155
36.8
35.2
32.9
35.8
35.0
38.5
178
137
35.0
35.8
32.8
34.8
34.6
42.2
41.0
41.7
37.3
37.8
42.8
41.8
35.5
36.6
42.5
34.6
43.5
40.5
41.8
40.5
42.2
44.8
36.8
35.8
36.5
42.3
41.8
122
42.3
37.8
35.7
41.7
41.9
41.6
83.9
86.6
83.7
90.2
91.0
162
84.2
86.3
89.8
42.2
40.0
42.6
46.8
40.2
37.4
38.4
38.7
39.0
41.1
30.1
47.0
47.9
49.3
45.9
47.5
48.8
30.5
50.0
49.2
66.2
68.5
47.9
53.1
46.4
65.5
48.1
61.8
49.2
63.6
43.9
49.5
47.7
61.2
48.6
47.0
45.3
49.7
51.9
62.6
45.1
79.2
49.8
43.5
30.1
45.1
48.8
64.2
28.9
31.0
44.4
42.2
66.5
42.8
48.1
60.5
47.9
45.6
57.8
59.1
47.3
48.9
72.4
48.5
47.9
47.9
47.3
65.4
49.3
49.1
55.8
55.5
57.8
51.2
52.4
56.7
62.3
57.1
55.5
55.7
48.1
62.3
82.4
57.0
48.2
67.5
58.8
47.9
47.2
48.9
54.5
52.0
52.7
59.3
55.3
56.7
51.6
56.1
56.5
55.6
54.7
48.1
55.5
47.3
59.4
69.0
36.4
37.0
36.6
36.5
36.6
37.3
36.4
36.4
37.1
37.4
36.4
36.6
36.4
41.6
36.9
36.1
37.3
46.0
38.5
45.2
37.1
36.8
37.5
36.7
40.7
37.1
37.1
38.0
37.9
40.1
37.1
36.4
36.9
36.9
37.3
37.0
37.2
36.4
36.8
37.4
37.0
36.7
50.1
37.0
37.5
36.7
36.5
36.8
117
136
33.3
48.2
114
191
30.8
100
159
138
145
165
101
29.5
31.7
61.9
93.4
28.6
89.7
164
114
259
86.8
207
35.1
150
29.6
125
124
25.5
99.7
26.3
28.8
166
180
28.3
65.0
27.5
26.1
30.4
28.4
26.7
27.9
25.8
30.9
27.7
29.2
37.1
98.4
99.0
98.7
98.9
98.8
98.8
98.5
98.3
98.8
98.6
98.4
98.3
98.3
98.7
98.6
105
103
98.9
98.6
98.8
98.2
98.5
98.6
98.1
99.1
98.6
98.1
98.5
98.8
98.6
99.2
98.4
98.6
98.7
98.7
98.6
98.6
98.3
98.6
98.8
99.2
99.1
99.0
134
134
134
133
133
73.0
69.3
69.5
72.9
68.4
70.2
70.6
80.9
75.1
77.9
87.7
70.5
72.8
70.0
80.5
68.7
69.2
69.6
72.1
79.5
71.7
77.4
71.4
73.4
68.8
70.6
83.7
76.7
70.6
74.9
69.8
69.9
75.9
75.2
77.0
70.3
70.1
73.9
70.1
76.5
69.3
72.0
78.4
70.3
70.4
69.9
72.0
81.7
39.5
38.8
39.1
49.2
38.6
39.0
38.4
38.7
38.6
39.7
38.9
38.7
38.8
39.2
38.4
38.7
39.1
39.1
38.8
39.3
48.8
38.9
40.0
49.8
48.7
38.0
39.1
49.3
49.3
48.9
49.0
51.4
48.4
48.2
47.4
49.2
38.0
49.8
38.5
38.5
38.7
38.7
48.1
38.8
38.9
39.2
38.6
37.7
36.4
35.7
36.8
37.0
37.6
36.4
36.0
36.8
37.1
38.5
36.7
36.9
37.7
37.6
44.4
37.1
36.0
37.4
37.2
37.0
37.4
37.2
37.3
205
36.6
37.0
37.6
37.3
38.2
38.0
38.3
36.8
36.7
38.4
37.2
37.4
36.6
37.1
36.8
36.9
36.7
35.7
36.2
37.8
37.4
37.1
37.3
139
142
142
120
143
142
126
123
137
119
175
129
117
286
106
143
3251
149
171
125
101
423
1411
144
126
198
132
136
140
123
107
244
205
306
258
198
136
305
117
132
143
196
114
102
129
122
141
112
32.6
39.4
34.2
35.8
30.9
46.0
28.7
32.3
58.1
44.8
31.9
30.6
35.7
172
128
49.1
81.0
89.3
37.0
48.5
32.1
53.1
40.7
30.6
36.0
47.5
37.3
31.6
104
32.7
31.7
32.5
33.9
31.8
33.0
32.9
31.7
31.7
35.6
33.0
32.8
31.6
30.5
31.6
31.8
34.1
32.5
33.9
89.9
46.3
71.8
44.8
48.2
45.9
48.9
47.8
47.4
48.2
46.7
48.7
48.2
45.7
44.1
44.9
47.4
35.5
54.1
71.1
50.1
52.8
35.2
48.7
44.6
174
49.0
47.5
45.0
41.9
47.3
59.1
45.9
52.4
33.8
45.6
43.4
36.0
46.9
46.4
33.2
36.3
44.1
45.4
45.0
46.3
46.1
72.3
72.1
72.2
72.0
72.0
72.0
72.3
72.2
72.3
72.5
72.0
71.9
72.9
72.3
72.6
72.5
72.5
72.0
72.2
71.5
72.3
72.5
72.4
71.8
72.4
72.4
72.4
71.9
72.3
72.1
72.3
71.7
72.6
72.5
72.1
71.8
72.3
72.2
72.9
71.7
72.1
72.3
72.7
71.8
72.0
72.0
72.0
72.0
58.1
39.1
40.3
39.2
38.4
45.2
39.1
47.7
39.0
41.1
43.2
38.9
39.3
38.7
40.0
38.9
39.7
40.7
39.7
38.9
40.4
40.3
39.4
39.8
58.6
62.3
55.8
39.9
40.7
39.7
39.1
40.0
40.4
39.0
39.6
40.7
40.1
39.9
39.1
48.7
52.5
40.1
50.3
39.0
39.2
40.0
38.3
34.0
33.4
33.4
33.5
35.0
33.7
33.5
32.8
33.6
34.1
34.0
35.0
50.0
33.8
34.7
33.6
33.5
35.1
34.1
34.8
32.9
33.5
34.8
35.6
37.7
34.9
37.9
33.8
34.9
34.3
34.2
35.0
34.8
33.5
34.3
33.5
34.1
34.0
33.2
33.6
35.0
32.5
33.7
34.4
33.4
33.9
33.4
33.5
57.1
54.2
56.7
57.5
52.6
125
60.2
59.9
58.5
52.9
53.7
57.9
72.1
49.9
54.1
57.1
55.3
53.0
65.1
56.0
55.0
53.8
53.7
55.0
57.5
48.9
50.4
52.7
46.2
66.8
73.6
73.6
66.3
64.5
84.0
73.5
68.7
61.4
50.5
60.3
50.0
56.7
52.4
52.6
49.7
53.7
132
72.5
89.4
89.7
90.5
89.2
89.2
91.0
96.3
90.3
89.7
88.6
79.9
267
80.2
88.6
200
91.1
89.2
125
314
91.5
90.4
92.2
91.1
103
89.6
90.7
90.5
81.1
90.9
81.2
85.1
1161
235
89.9
90.3
92.9
116
106
445
90.3
100
91.3
89.9
85.6
80.7
99.4
82.4
42.1
42.4
40.5
41.8
44.7
42.7
44.0
42.3
41.2
42.8
76.7
74.1
77.2
51.9
40.7
42.9
40.8
82.5
41.2
42.5
40.1
41.4
83.9
103
95.4
103
95.6
98.4
96.5
93.9
100
107
103
96.1
99.6
96.3
97.0
101
102
103
101
95.1
94.9
98.7
105
94.6
105
105
103
112
104
95.6
99.8
100
98.6
95.9
97.2
104
98.2
98.1
88.4
92.4
97.1
97.4
113
95.5
103
95.7
96.7
101
99.1
330
79.4
84.4
81.0
82.5
193
87.8
796
80.1
152
187
81.8
88.7
79.1
149
271
318
308
800
79.7
349
154
186
257
83.7
358
576
405
261
237
416
747
1160
214
275
2127
447
928
924
671
217
326
346
338
123
183
347
79.1
75.6
77.0
66.9
73.3
124
60.5
110
93.5
77.3
74.8
72.6
96.5
75.7
101
76.7
100
81.0
91.4
115
78.9
89.9
243
109
70.7
89.9
100
95.8
152
84.4
87.3
93.5
100
87.4
149
58.3
74.4
83.7
290
92.6
94.7
525
998
58.8
258
125
113
97.2
34.1
43.4
32.8
31.4
34.5
42.3
45.2
31.2
37.5
43.0
34.8
47.1
81.5
41.9
32.9
30.7
75.3
72.4
37.7
50.9
31.5
47.7
40.7
37.3
37.4
40.4
73.2
36.0
33.2
81.3
33.0
40.3
30.6
35.0
33.0
34.8
64.8
35.4
32.4
35.3
56.6
72.0
47.4
40.5
47.3
46.6
36.5
38.5
12.5
12.6
11.1
11.4
12.8
12.5
19.6
12.4
12.1
12.3
11.7
10.9
11.8
11.4
13.6
12.3
11.2
11.2
29.8
12.3
14.0
23.1
35.7
34.1
33.8
36.5
36.2
18.1
37.4
11.2
11.0
11.5
11.5
12.6
11.9
11.8
11.2
12.6
11.8
12.4
11.4
12.0
12.3
11.8
12.8
11.7
11.5
11.6
30.3
31.0
29.0
27.0
32.2
32.4
41.7
31.2
19.3
44.4
27.5
33.0
26.4
31.6
26.6
35.0
29.9
29.4
31.2
28.6
34.7
26.3
32.1
32.8
22.1
27.9
31.4
43.5
30.4
23.9
27.7
33.1
26.7
33.1
31.2
19.9
24.5
28.3
26.5
28.1
29.2
21.7
26.2
33.3
25.8
32.1
30.6
30.7
99.9
106
113
105
105
108
104
109
115
166
105
106
104
111
109
109
106
105
110
99.9
107
118
118
97.5
118
109
113
108
107
109
112
98.8
115
119
106
107
105
100
103
108
105
98.3
109
104
107
111
110
108
78.0
45.6
74.9
75.0
77.5
77.1
72.9
82.2
78.0
44.7
46.6
46.6
70.2
45.4
44.7
46.0
45.8
46.6
47.4
46.3
45.3
46.7
45.1
44.5
47.6
45.4
45.1
46.1
45.5
45.5
47.8
41.4
42.0
40.9
45.3
41.4
43.5
42.0
41.9
41.3
41.6
41.0
42.0
41.3
48.9
40.9
43.2
41.9
42.3
41.3
41.5
49.1
41.5
41.0
42.2
40.7
41.0
44.0
41.5
40.7
41.3
40.4
40.9
41.1
41.5
41.2
41.1
41.9
40.9
41.2
40.9
41.1
41.4
41.3
41.7
41.8
49.7
41.4
93.9
91.0
94.7
92.9
94.9
94.5
93.3
95.4
92.8
95.1
93.1
93.6
99.6
94.9
112
93.8
97.1
95.8
94.5
93.7
93.0
94.8
92.9
94.7
94.2
116
95.7
91.4
93.8
92.7
99.1
95.7
94.6
92.8
92.3
96.2
94.6
92.3
94.4
108
95.0
94.3
92.2
93.1
93.1
94.7
92.9
93.5
59.4
59.2
60.4
59.3
59.5
59.3
59.5
59.1
59.2
59.2
59.4
59.1
59.3
59.9
59.4
59.1
59.4
59.0
59.3
59.3
59.1
59.2
59.2
59.3
59.0
60.0
59.2
59.1
59.2
59.1
59.1
398
347
367
333
312
126
428
539
488
524
283
496
414
434
377
458
21.2
21.2
21.1
21.3
21.0
27.0
21.1
21.2
21.2
21.2
21.2
21.0
21.2
21.2
21.1
21.2
21.6
22.0
21.3
21.1
21.3
21.2
21.2
21.2
21.0
21.0
21.1
21.0
21.2
21.3
21.1
21.4
21.1
21.1
21.3
21.3
21.2
21.3
21.1
21.3
21.2
21.0
21.3
21.3
130
161
137
130
153
130
139
137
138
134
132
133
133
129
136
131
132
130
130
138
130
141
142
132
134
134
133
138
133
143
139
138
132
134
138
134
144
133
132
140
134
131
134
143
130
131
141
136
41.4
99.4
42.9
42.8
45.2
49.7
46.7
45.7
53.0
44.6
38.9
40.0
39.7
45.2
43.5
44.0
38.6
45.8
41.9
44.8
44.0
44.7
81.2
42.9
42.3
44.4
46.6
39.3
44.8
39.5
44.9
38.9
41.5
43.0
42.8
40.2
42.8
39.1
39.7
40.9
43.3
40.4
40.4
38.8
44.2
43.2
41.1
42.4
300
103
249
66.0
64.4
64.3
68.5
65.1
67.4
318
162
65.4
65.4
91.7
235
81.7
65.2
65.6
87.8
81.6
221
283
136
203
155
85.3
65.4
65.7
64.8
64.7
64.6
65.2
65.1
64.9
65.0
64.7
65.0
65.4
64.1
65.4
65.7
64.2
65.3
65.7
64.6
64.8
65.2
54.6
41.4
41.2
43.8
44.7
44.0
42.3
40.7
41.0
40.2
41.1
41.0
40.3
40.5
114
41.2
41.1
285
40.4
41.2
40.9
41.0
40.9
40.6
40.7
41.2
40.7
41.0
43.8
42.5
40.4
40.7
40.4
41.6
43.8
42.8
40.8
40.7
41.0
40.9
41.1
40.2
41.1
41.0
41.0
40.8
40.5
850
42.7
41.1
41.0
43.3
52.2
44.1
43.2
43.2
43.0
42.7
45.4
44.2
43.1
42.8
43.1
42.9
42.5
45.8
44.0
42.3
42.3
43.8
51.7
42.0
44.0
41.9
48.4
44.3
42.6
43.6
71.7
45.4
44.1
44.5
41.9
43.1
41.7
43.3
41.5
42.7
42.9
41.2
42.1
52.6
44.0
43.5
42.9
40.8
29.9
29.6
29.9
31.4
31.3
30.9
37.7
30.4
30.3
30.4
36.9
31.6
29.8
30.3
39.0
30.6
29.9
30.8
30.8
38.7
39.3
38.7
32.1
38.5
39.1
29.6
38.2
39.9
44.6
30.4
39.3
44.1
38.4
34.6
38.0
41.3
38.8
33.8
38.9
38.0
38.9
29.8
39.4
29.9
30.2
30.2
41.2
30.5
54.4
56.4
49.7
53.1
49.9
51.7
43.1
50.0
51.5
50.1
61.1
49.7
51.1
49.8
50.3
50.4
51.0
52.6
50.3
52.1
41.9
52.5
51.6
55.2
54.0
51.7
75.2
53.4
51.2
53.4
49.8
54.0
51.8
54.1
50.3
50.4
57.3
51.2
49.7
52.1
52.6
52.3
55.5
51.3
50.0
42.7
41.1
43.9
38.4
36.1
40.4
43.9
36.8
37.2
48.2
40.0
38.0
37.2
38.7
42.1
34.6
46.1
38.3
35.5
37.2
36.1
38.7
40.2
39.8
36.2
38.7
43.8
37.6
35.1
36.7
37.4
37.7
34.9
38.0
37.0
36.9
38.6
35.6
37.2
39.2
36.4
41.3
37.0
35.5
34.4
35.3
34.3
38.2
36.5
36.4
37.6
94.5
61.7
62.9
71.1
139
65.4
65.9
74.9
64.3
70.6
51.5
68.2
90.4
93.1
77.0
82.3
92.0
67.3
98.4
91.8
51.2
98.7
101
80.5
41.3
143
42.1
43.3
39.1
128
132
134
103
88.6
104
95.8
96.5
96.2
41.9
59.9
62.4
59.2
41.1
59.5
87.9
40.1
88.8
69.6
38.2
88.5
36.5
45.7
46.2
38.0
38.9
44.7
37.4
38.1
48.7
37.0
37.8
37.5
45.9
48.7
55.8
46.2
46.3
60.7
61.8
44.6
61.3
97.7
47.5
60.6
59.4
38.3
63.2
49.1
48.7
47.6
38.2
37.2
46.8
46.5
49.0
47.1
45.1
46.4
46.5
46.1
37.5
37.2
37.7
37.0
38.2
37.3
29.4
29.0
25.9
26.3
29.2
28.3
28.0
28.4
26.8
27.7
26.8
26.8
27.0
27.2
26.8
26.5
26.6
25.4
26.0
28.6
31.0
26.1
28.6
25.7
27.6
28.1
25.6
26.2
26.0
25.4
27.0
27.6
27.7
26.6
26.1
25.7
38.8
26.3
27.1
26.9
40.5
28.5
27.4
27.7
28.5
26.1
45.7
49.3
79.8
47.1
48.2
61.1
89.8
45.7
49.1
50.7
45.9
46.4
48.2
48.1
50.7
49.0
48.2
51.6
50.8
47.3
48.9
49.7
49.5
46.5
46.9
45.9
47.2
51.7
50.9
54.7
64.1
46.0
49.1
49.6
45.1
48.8
48.6
49.3
49.2
49.8
46.1
47.1
49.0
48.1
50.5
47.9
46.1
48.5
39.6
40.6
38.3
38.2
37.9
37.5
38.2
38.8
45.0
41.3
38.7
40.3
38.7
40.0
39.1
37.7
39.4
37.4
44.2
38.7
39.1
39.7
47.4
39.2
46.4
39.2
39.3
40.2
40.1
39.6
38.9
46.6
38.5
38.6
37.9
38.4
38.4
38.7
39.2
59.6
39.6
37.7
37.8
39.5
39.7
37.9
38.3
39.1
75.3
75.2
77.4
78.4
74.8
108
76.4
76.7
76.1
75.9
90.5
76.4
92.1
123
75.2
89.9
77.5
77.3
81.5
75.0
105
74.1
75.1
75.8
79.2
77.0
75.1
75.2
75.8
77.3
109
75.9
76.1
91.5
107
96.7
91.2
117
98.4
90.3
85.5
76.7
105
116
79.9
84.8
56.7
55.3
53.1
57.0
54.1
56.6
54.8
55.3
53.9
55.8
54.4
55.4
56.8
53.1
54.8
53.5
56.4
63.6
55.6
54.2
56.2
58.0
53.0
78.5
55.0
56.5
59.4
57.7
70.7
62.7
62.8
63.3
61.1
63.5
62.4
60.9
77.7
64.2
54.6
56.3
54.0
53.6
55.3
53.9
57.3
56.8
55.5
58.2
42.3
46.0
33.0
47.7
33.7
32.5
49.3
51.5
46.9
46.8
34.1
65.9
49.8
37.8
33.4
35.9
57.5
32.5
45.4
57.9
47.2
63.7
32.9
44.3
37.5
46.6
72.6
34.1
34.3
54.5
34.7
52.3
34.8
51.6
47.0
45.7
34.3
103
47.6
59.9
34.8
32.5
33.5
47.6
34.6
33.8
33.8
35.9
36.1
35.3
35.2
36.2
35.3
36.0
35.2
35.1
36.0
36.2
36.1
36.1
108
109
108
108
109
109
107
107
110
108
107
109
108
107
108
108
107
109
110
108
109
110
107
111
108
109
108
108
109
109
109
107
107
107
980
108
108
2117
108
107
110
112
110
108
109
109
111
109
163
168
328
241
267
178
268
250
270
255
254
263
255
63.6
220
287
251
281
312
312
2141
263
309
322
329
375
296
307
252
279
287
311
269
296
311
269
227
316
253
269
289
249
263
270
271
84.0
82.9
82.5
84.4
82.9
82.8
83.6
83.9
84.4
82.6
222
83.3
84.7
83.2
85.6
187
83.5
82.5
84.0
242
175
93.9
84.1
92.4
225
290
102
201
90.4
85.3
88.1
195
241
245
254
194
83.3
249
82.6
225
83.2
82.8
84.2
83.1
83.4
82.9
83.4
83.6
42.8
46.1
44.3
41.1
47.8
55.4
88.1
45.9
40.4
53.7
39.7
47.6
44.3
46.7
44.6
46.7
44.0
49.2
41.2
45.0
44.3
39.9
40.5
51.2
43.8
46.3
39.5
41.9
41.9
40.5
47.6
41.9
39.4
39.4
39.0
41.5
38.1
46.5
37.8
46.2
50.5
46.5
45.8
48.1
46.3
39.8
39.8
45.0
45.2
45.2
44.2
45.6
45.2
44.8
44.6
45.0
45.2
45.3
44.5
45.6
44.9
44.8
44.9
45.1
45.0
45.4
44.9
45.4
45.2
45.2
44.3
44.8
46.2
45.5
44.5
44.6
44.1
43.6
44.5
44.5
44.9
44.1
44.2
44.6
44.7
44.3
44.8
44.6
44.5
44.4
44.1
43.6
44.8
43.9
234
48.9
27.7
23.4
26.2
25.0
25.5
26.1
24.4
160
28.5
93.1
48.6
214
69.9
56.7
149
46.4
80.2
42.9
135
93.5
58.9
198
30.6
209
23.9
240
121
44.9
32.0
159
28.8
28.4
42.5
140
27.4
34.2
26.4
23.6
33.0
50.3
26.5
24.6
24.6
114
32.0
48.0
24.6
31.2
31.6
28.7
28.4
29.3
28.4
30.0
30.2
30.7
30.4
39.6
30.8
30.2
30.1
28.8
29.6
31.8
30.2
31.4
31.8
30.3
30.3
30.2
30.9
34.2
28.7
28.8
32.7
30.4
29.9
38.6
31.6
30.4
31.4
32.0
31.9
32.0
36.0
33.5
30.6
28.7
30.4
31.7
31.7
30.1
29.7
30.2
29.9
11.0
11.4
12.0
12.0
11.2
12.0
13.1
12.4
12.2
11.4
11.1
10.4
11.1
11.2
12.7
12.3
11.2
10.6
11.7
10.9
12.1
10.3
15.4
37.5
33.1
33.5
12.3
10.0
39.1
47.5
10.9
24.4
16.2
9.14
13.0
13.1
11.5
10.2
10.8
10.3
11.1
10.5
9.35
9.55
9.42
11.8
11.4
11.7
44.0
44.4
44.7
44.5
44.0
44.1
43.0
46.2
45.7
48.0
46.2
43.8
46.0
46.3
47.0
44.7
45.8
45.8
48.2
43.6
46.3
43.9
46.3
44.2
86.5
45.5
47.5
48.9
54.7
58.0
66.9
56.8
58.3
56.9
57.5
56.5
60.5
50.1
45.5
44.3
47.4
43.9
47.0
43.8
56.7
43.5
44.1
16.3
18.5
18.4
18.3
18.8
20.9
19.3
18.0
16.8
19.4
18.2
18.2
16.9
22.7
16.0
16.6
17.5
27.2
17.7
17.7
19.1
22.4
19.5
17.1
19.1
18.4
20.6
20.2
18.4
18.9
16.9
22.2
18.3
17.1
16.6
20.2
15.4
17.4
17.6
18.1
17.9
17.0
20.4
19.5
18.7
20.7
21.6
52.7
65.0
72.1
55.2
54.3
58.0
64.4
59.6
67.9
55.6
64.4
52.8
98.7
54.3
44.0
192
54.9
47.7
54.5
58.9
66.1
216
64.5
52.9
52.0
42.4
46.0
54.5
70.1
72.1
66.2
189
68.2
63.3
55.2
66.7
68.6
47.3
43.0
43.3
45.7
44.9
61.8
54.9
43.3
65.5
56.5
42.0
43.8
44.7
36.2
48.0
36.0
43.9
45.5
44.5
43.4
44.3
43.6
44.8
43.9
44.0
44.1
36.1
36.2
45.0
45.5
36.3
45.0
38.1
45.7
36.4
36.6
46.2
57.8
47.2
44.6
55.8
43.9
43.2
36.5
43.8
44.2
36.0
44.7
36.7
46.8
35.9
36.7
35.9
35.9
37.3
36.4
43.9
43.5
76.7
76.1
1682
76.5
232
82.1
77.3
514
77.3
792
78.3
215
76.3
79.8
732
77.1
77.5
162
77.2
77.7
132
772
76.4
502
76.3
394
936
77.2
86.1
80.5
85.7
80.7
82.6
80.3
81.0
80.3
81.0
80.3
77.6
76.4
76.4
76.2
76.3
77.0
135
80.4
76.9
76.6
103
102
109
103
103
104
103
104
101
103
103
103
101
104
104
101
108
102
104
102
103
103
102
102
103
110
105
103
104
105
103
103
102
102
103
102
104
102
103
103
103
103
104
138
158
312
266
130
286
512
135
202
209
172
195
176
122
178
233
347
69.1
230
313
213
230
749
305
69.4
67.8
68.6
72.7
141
264
284
211
289
801
429
716
557
158
222
101
83.8
166
363
194
128
69.4
66.9
463
259
19.5
18.3
20.4
25.3
19.7
19.7
18.5
20.7
18.4
19.9
19.1
22.9
21.7
21.1
19.0
18.8
19.8
17.9
20.2
19.9
19.4
20.5
18.4
19.1
19.6
19.8
20.4
20.0
19.4
18.9
18.4
18.7
19.8
18.7
23.8
19.8
18.9
19.8
18.3
21.5
19.0
18.1
20.1
20.4
20.6
21.9
21.3
20.0
21.4
22.0
22.3
22.1
22.8
22.7
23.1
24.2
22.4
21.6
22.1
22.2
21.5
24.0
20.8
23.1
22.3
24.2
23.7
26.4
21.1
24.8
23.5
27.3
22.3
25.4
23.2
23.9
28.7
22.8
21.0
24.0
24.5
21.7
27.7
24.7
26.7
26.5
22.8
20.9
23.5
23.2
22.1
22.0
21.9
21.7
23.6
22.7
53.3
53.9
55.9
73.2
56.6
56.5
56.5
58.7
54.4
76.5
56.5
53.3
56.3
55.1
61.0
62.0
53.0
57.6
53.3
57.3
54.6
54.3
60.7
56.8
53.4
56.7
64.1
57.8
55.5
56.4
58.9
53.8
56.6
53.6
62.3
56.1
63.2
60.1
53.4
53.6
53.4
53.8
52.6
53.2
58.8
54.8
53.6
53.6
299
140
61.6
60.2
311
281
290
384
192
221
195
361
58.6
52.6
51.3
52.2
51.6
167
277
227
370
262
292
365
318
58.4
56.6
55.9
56.3
56.8
56.5
55.5
98.4
57.5
57.5
56.3
56.3
56.1
56.0
56.1
57.7
255
61.2
216
322
55.8
36.8
40.6
38.2
41.8
41.2
41.6
40.9
40.5
40.9
43.2
39.3
37.8
41.0
39.1
40.2
35.8
41.3
27.2
41.3
39.2
40.7
42.3
38.5
41.0
41.1
39.2
40.2
41.5
38.8
26.4
41.1
38.8
38.7
38.5
37.3
40.2
40.2
52.1
27.5
40.2
40.5
39.9
36.6
39.1
37.6
29.9
37.5
28.9
94.3
102
83.1
84.2
92.6
94.4
84.0
85.0
94.2
93.2
84.9
82.9
93.7
93.2
86.3
85.0
94.4
94.2
83.0
84.2
96.5
96.4
85.3
84.3
96.3
95.9
85.2
85.4
91.1
98.1
85.9
85.2
94.3
94.4
85.3
84.9
95.1
94.4
84.1
83.7
94.9
84.0
84.4
83.9
84.2
83.9
94.1
94.8
48.5
46.7
48.6
47.1
51.5
48.5
46.5
52.9
59.0
79.6
45.3
45.7
46.2
44.8
153
45.0
44.7
45.4
44.4
44.6
44.7
45.4
44.8
44.3
44.6
45.1
45.1
44.5
44.8
51.4
55.2
52.9
50.9
52.5
51.3
51.1
51.4
84.1
48.8
44.9
44.4
44.8
44.5
47.0
44.9
44.3
44.9
59.1
31.6
29.7
29.8
31.4
28.1
41.2
29.3
104
29.0
33.9
29.7
28.1
20.7
29.3
29.2
28.5
31.0
29.5
29.7
29.5
21.6
102
27.7
30.7
236
156
195
114
123
703
490
29.9
29.9
30.4
31.2
40.5
31.8
29.7
29.5
146
28.6
29.2
29.5
31.2
28.2
30.1
30.1
29.5
14.7
17.8
53.4
16.6
13.7
12.5
11.6
13.3
86.4
18.5
13.6
18.7
24.4
17.6
17.0
11.8
78.7
40.9
17.1
21.5
48.6
15.8
11.9
11.3
16.6
20.3
14.7
12.6
205
11.7
16.3
12.6
14.3
15.6
12.4
17.4
14.6
24.5
17.5
13.9
14.3
28.8
11.7
11.9
57.7
16.7
14.6
12.4
0.837
0.859
0.949
0.912
0.910
0.872
0.941
0.974
0.939
0.859
0.909
1.05
0.923
0.940
0.947
0.901
0.942
0.872
0.980
0.918
1.02
0.914
0.963
0.853
0.868
0.935
0.932
0.905
0.892
0.918
0.934
0.889
0.923
0.937
0.872
0.872
0.924
0.908
1.02
0.887
0.912
0.924
148
84.0
361
87.5
96.7
88.5
127
83.7
81.3
342
187
82.0
82.9
82.5
82.7
82.9
81.5
81.4
85.8
83.1
80.1
82.4
85.2
81.9
81.7
81.7
82.9
82.1
82.0
82.3
81.8
84.1
82.8
89.7
83.2
82.3
83.3
92.4
92.3
81.4
82.3
81.7
81.7
91.4
83.4
82.3
82.2
82.8
721
62.3
569
435
536
590
333
153
1191
549
1100
277
65.2
276
566
518
251
66.4
70.9
77.2
167
135
146
399
279
2030
218
1626
63.3
401
1104
478
462
594
962
1340
61.0
60.5
63.2
60.3
64.0
61.0
63.0
62.3
62.3
63.8
82.0
82.6
82.0
81.9
81.8
81.8
81.8
82.0
81.7
82.0
81.8
81.8
81.8
82.4
81.8
82.0
81.9
81.9
85.9
87.0
87.0
86.4
46.5
50.0
40.8
45.1
40.1
45.4
43.4
41.0
42.7
45.2
49.0
55.0
56.5
47.3
45.0
42.0
45.9
43.5
41.5
47.2
48.2
40.7
43.6
49.9
40.5
49.4
45.0
66.7
54.9
42.2
41.3
45.2
43.8
41.9
43.5
40.5
46.1
39.0
41.0
43.8
43.8
44.0
43.2
41.7
45.6
44.7
42.3
218
273
69.7
41.2
74.7
43.6
44.6
54.0
51.7
51.0
54.1
53.3
84.9
80.2
80.0
82.8
78.4
83.1
84.0
127
80.7
82.1
81.5
77.4
83.8
182
79.3
77.3
78.4
82.2
78.8
79.5
83.1
83.5
79.7
84.7
79.4
84.1
80.5
2345
134
2286
2911
77.5
202
97.3
91.8
92.1
91.6
92.2
93.3
92.6
92.8
92.2
95.2
92.2
91.5
91.4
95.3
91.5
92.1
92.8
93.0
91.8
94.0
91.8
92.9
90.5
92.7
91.5
92.9
92.2
93.0
93.8
93.4
91.3
94.8
95.9
92.5
90.9
90.7
87.7
85.8
92.2
92.6
94.3
92.3
91.4
91.7
91.5
92.0
91.7
76.5
75.2
75.8
76.4
76.0
76.0
77.9
76.8
75.9
77.1
78.1
75.7
75.3
78.1
78.2
75.9
77.9
77.3
90.5
76.0
78.9
88.7
102
101
99.0
101
101
83.1
148
75.5
77.1
75.7
77.6
77.5
74.6
73.3
76.3
78.0
73.4
77.3
74.6
74.3
75.1
75.3
75.9
74.1
73.2
74.5
71.2
69.0
77.5
76.7
78.0
78.6
77.8
80.0
78.2
78.1
77.3
77.6
110
77.8
76.7
83.1
82.2
78.9
78.4
79.2
77.8
80.2
80.6
88.5
93.8
101
78.5
77.9
78.8
108
80.2
78.7
79.2
69.9
70.2
68.4
78.4
77.6
78.7
112
78.7
76.6
120
77.2
79.2
78.8
80.2
104
139
99.2
102
111
171
99.2
108
157
104
141
117
284
104
128
102
81.1
126
141
100
146
104
153
147
101
158
97.7
106
105
118
92.0
123
94.7
108
103
81.0
101
150
227
106
108
104
156
100
109
101
111
98.3
98.1
97.7
98.2
98.0
98.2
102
97.8
98.6
98.6
98.1
98.3
98.0
98.4
98.5
98.1
98.5
98.5
98.2
98.1
97.9
98.4
98.1
98.1
98.3
98.4
98.4
98.2
98.6
98.2
98.3
98.0
98.3
98.3
98.1
98.6
98.0
98.2
97.8
98.0
98.6
98.1
98.5
98.0
98.5
98.3
97.9
98.3
26.6
27.1
28.3
29.5
27.6
27.5
26.9
42.2
29.2
28.0
27.1
26.7
28.3
39.2
26.9
27.1
35.0
29.9
40.9
26.9
28.2
51.1
32.9
29.0
34.3
27.5
29.8
57.1
27.6
29.7
32.6
28.3
31.1
29.0
31.5
28.6
27.7
27.0
27.5
33.9
26.7
27.7
43.5
30.1
30.7
29.7
32.5
50.2
49.1
49.4
51.6
47.4
49.7
45.2
48.2
50.0
47.5
48.2
47.2
45.9
50.4
57.0
46.1
52.8
46.2
51.2
48.6
56.2
46.3
49.4
45.4
50.5
53.8
47.0
47.9
47.9
55.0
46.7
44.7
48.6
45.3
53.7
46.8
46.2
49.8
45.9
46.2
49.7
49.2
48.0
45.1
47.0
46.6
47.7
85.8
85.9
85.9
86.1
86.1
85.8
85.9
86.0
122
86.2
85.9
86.0
85.8
85.8
85.9
85.8
85.7
86.3
85.7
85.9
85.7
85.8
86.0
85.7
85.9
85.9
86.0
85.8
703
235
369
201
952
277
165
85.9
107
85.8
85.7
85.9
85.9
85.9
90.0
91.7
80.9
92.0
81.6
90.2
93.0
90.2
90.8
81.2
91.6
82.3
83.4
83.3
91.3
82.4
91.2
80.7
90.6
83.1
90.6
82.9
89.8
82.2
81.0
89.4
91.2
84.9
92.2
82.1
90.2
80.9
96.2
82.7
83.1
81.8
89.9
80.2
89.5
81.9
90.4
91.8
90.9
82.4
82.7
80.6
101
80.9
8.43
8.80
6.30
8.24
7.14
7.17
7.79
8.03
6.97
6.46
6.99
7.23
6.83
7.18
6.82
8.28
7.97
8.86
7.64
8.02
8.29
7.96
6.52
8.88
7.82
8.48
7.15
6.57
6.70
8.41
7.72
7.51
6.76
8.74
6.82
6.69
8.28
6.81
7.22
7.35
7.60
7.08
6.48
7.33
7.38
6.98
6.60
7.80
57.7
73.7
52.4
65.2
63.6
40.5
52.6
60.9
54.6
68.5
54.9
79.5
65.1
41.1
52.2
39.6
41.7
53.3
78.1
56.7
64.4
56.8
60.7
73.5
40.4
57.3
103
41.7
79.3
143
112
129
122
112
85.1
109
118
134
62.9
81.2
62.6
42.4
69.3
70.7
54.1
70.7
56.3
78.5
48.0
50.0
52.6
49.6
48.5
48.3
49.6
54.0
50.1
48.3
47.7
47.9
48.3
48.7
51.5
52.1
49.1
48.3
49.3
49.6
52.2
49.1
53.0
50.6
49.2
47.0
49.5
51.5
48.3
50.1
54.3
51.8
51.3
49.3
49.4
50.6
50.1
47.8
48.6
51.1
51.7
48.1
50.1
48.1
47.9
50.6
50.8
49.2
87.5
87.1
88.9
87.5
87.4
86.0
101
90.2
88.1
87.2
91.0
89.2
90.9
92.2
96.0
89.0
86.5
85.6
89.8
88.4
91.5
90.6
95.5
86.7
86.7
90.6
89.8
88.7
88.6
97.0
88.5
90.3
85.5
95.5
89.7
88.9
85.9
90.7
92.9
86.4
87.7
92.2
88.2
86.4
86.5
87.7
88.0
90.3
57.0
57.1
57.0
56.8
56.6
57.7
56.7
57.1
56.5
56.5
56.6
56.3
57.4
57.0
56.1
56.4
56.0
57.2
57.1
57.1
57.2
57.2
131
57.1
56.7
56.7
57.5
57.7
56.1
57.7
57.3
57.2
57.4
56.3
57.1
57.4
57.5
56.4
57.4
56.5
57.2
56.4
103
58.0
56.8
56.5
57.0
56.9
20.1
22.5
25.0
20.0
39.8
26.1
26.9
24.0
22.2
24.5
22.2
19.4
23.1
24.6
23.4
21.1
38.7
28.0
28.3
21.2
61.7
28.2
22.3
18.8
22.2
26.4
50.2
25.0
22.2
43.8
31.1
23.7
21.8
26.3
25.1
19.4
24.8
21.3
27.5
73.7
21.1
32.8
22.5
19.1
21.0
24.5
20.1
24.8
19.2
17.4
16.8
16.4
17.3
16.7
20.7
16.5
17.1
16.9
16.3
16.4
17.9
16.6
22.5
16.5
17.0
21.0
17.9
20.1
16.5
16.7
16.5
16.1
19.4
19.1
16.3
18.5
20.6
16.6
17.1
16.8
16.0
21.1
16.8
16.7
16.2
16.1
16.9
21.0
16.5
18.2
17.0
18.0
18.8
21.2
22.0
16.9
111
115
96.8
94.9
115
100
101
100
115
111
116
115
113
110
115
96.5
96.3
121
120
115
91.7
110
113
95.0
111
103
94.5
100
127
92.5
92.6
94.0
95.2
91.1
131
101
111
114
95.8
122
122
123
100
115
120
111
110
101
7.70
7.73
7.66
7.52
7.58
7.60
7.69
7.82
7.70
7.68
7.61
7.69
7.72
7.64
7.64
7.70
7.71
7.74
7.81
7.67
7.57
7.56
7.63
7.59
7.66
7.58
7.76
7.68
8.03
7.80
7.76
7.59
7.78
7.63
7.59
7.64
7.63
7.69
7.71
7.67
7.70
7.71
7.60
7.70
7.70
7.67
7.92
7.79
142
141
141
143
141
140
140
143
142
163
139
140
156
141
140
140
141
143
142
139
193
141
140
141
139
141
141
143
140
145
144
142
143
164
142
139
299
250
296
319
139
140
142
141
140
140
142
142
83.9
87.5
80.7
79.4
82.9
98.4
96.8
85.1
89.4
84.3
86.0
84.7
88.5
85.6
84.4
88.3
98.8
84.9
91.9
103
141
82.7
89.8
86.7
83.5
83.5
85.6
90.9
96.2
85.4
92.5
89.1
89.4
86.4
86.8
87.0
84.2
91.4
82.4
83.0
83.5
82.9
89.3
86.1
83.6
89.2
81.5
90.2
25.9
27.3
29.4
27.5
30.3
33.4
27.0
26.6
26.5
25.7
26.9
27.7
27.6
30.7
29.8
33.8
27.3
27.0
26.2
30.0
27.1
26.7
26.5
26.2
29.1
27.6
29.5
25.8
26.6
25.8
28.0
27.3
26.5
27.2
28.0
27.1
27.1
27.6
25.8
26.9
28.6
26.0
28.7
26.2
26.1
27.3
25.9
28.0
0.748
0.899
0.660
0.804
0.785
0.607
0.681
0.682
0.759
8.60
0.739
0.650
0.724
0.672
0.707
0.718
0.789
0.773
0.627
0.728
0.640
0.831
16.4
0.666
0.632
0.754
0.664
0.619
0.668
0.634
0.830
0.680
0.695
0.708
0.619
0.729
0.649
0.656
0.742
0.652
0.765
0.713
0.831
0.591
0.671
31.1
30.3
30.6
32.5
31.2
29.7
30.4
31.0
30.4
34.7
34.0
32.1
32.0
30.4
31.7
32.0
30.6
30.5
30.6
32.4
31.7
31.2
31.3
32.4
31.7
30.1
30.0
33.5
30.5
33.3
31.6
31.9
30.9
30.7
30.3
31.1
31.4
29.9
29.9
30.9
30.1
31.0
29.7
30.1
29.8
30.6
31.5
30.3
45.9
57.5
57.4
57.0
57.5
57.0
58.1
57.3
57.2
57.6
56.7
56.8
56.4
57.3
57.2
57.5
144
68.2
67.4
57.0
67.6
59.1
56.9
57.1
57.2
60.7
57.1
56.6
58.6
56.9
56.8
57.3
57.2
57.0
57.0
57.1
57.4
58.0
57.1
57.3
57.4
57.1
57.0
57.0
56.6
56.7
774
57.5
11.7
11.7
10.9
12.5
11.8
11.3
24.2
12.1
11.2
12.3
10.7
11.3
11.9
11.0
11.3
11.4
11.2
11.7
19.6
11.8
14.2
28.1
37.3
38.6
32.9
11.9
38.0
11.9
12.3
11.3
11.0
10.8
11.1
11.2
12.3
11.1
11.1
11.0
11.4
11.5
11.4
11.0
11.8
11.6
13.1
12.2
48.2
48.1
49.6
44.5
49.1
46.9
45.2
53.1
53.6
48.9
47.0
44.7
46.1
47.2
57.1
45.9
44.9
51.0
45.1
51.2
50.8
53.9
49.3
51.3
59.0
54.2
50.6
48.3
46.1
66.0
61.3
61.0
58.5
57.6
62.4
61.2
62.8
66.6
52.8
46.1
47.1
51.6
47.9
50.2
51.0
48.1
62.0
45.6
77.2
80.4
80.7
80.1
80.4
80.0
76.6
77.3
77.3
77.3
83.1
83.2
83.1
80.7
80.4
80.6
80.8
80.7
80.1
80.1
79.9
83.5
83.5
83.1
83.4
86.5
79.7
79.7
80.8
80.6
77.1
83.4
80.1
83.3
86.1
79.8
83.4
83.6
80.4
80.4
83.3
80.4
82.8
86.1
86.1
80.8
83.3
73.2
42.1
40.9
40.9
41.0
41.1
41.1
40.8
39.5
42.0
40.3
41.0
43.9
40.0
41.9
40.1
40.0
41.6
40.9
40.6
39.8
42.3
40.9
40.7
41.0
41.8
41.7
40.7
41.1
42.2
42.1
40.9
40.2
41.4
41.0
40.2
40.7
39.1
39.1
39.0
38.8
38.9
41.0
40.7
39.8
39.3
40.7
42.2
59.0
59.6
59.1
58.7
59.8
59.6
59.0
59.4
60.2
59.7
59.4
59.1
59.2
59.2
59.4
59.5
59.3
59.1
59.6
59.5
59.3
59.4
60.0
60.2
59.5
59.5
59.6
59.8
59.6
59.4
59.3
59.3
59.1
62.8
59.6
59.1
59.6
59.5
59.5
59.5
58.9
59.5
59.0
59.4
59.2
58.8
59.4
57.4
60.6
58.0
59.9
59.7
60.2
61.4
59.4
59.1
60.6
60.5
60.2
59.5
59.8
61.3
60.0
60.2
60.6
61.0
59.6
68.6
59.9
64.4
64.7
61.2
62.1
60.2
63.0
60.7
61.0
58.6
59.9
59.1
59.2
60.2
60.9
63.9
59.6
59.9
59.4
59.5
58.4
58.2
60.3
60.2
59.6
46.3
63.0
53.8
54.7
53.7
55.1
53.6
47.8
85.8
53.6
63.3
53.6
54.1
55.0
52.5
55.5
54.0
58.4
45.7
57.2
53.7
55.7
56.8
60.3
57.4
56.1
56.2
60.2
57.3
55.2
55.5
57.0
53.6
54.6
53.9
44.4
53.4
57.6
56.6
58.2
55.3
63.5
56.5
54.1
57.4
63.2
60.7
59.1
89.4
88.8
89.1
89.1
89.0
88.9
89.1
88.9
88.9
88.5
89.1
89.1
88.8
89.0
89.5
89.3
88.7
89.2
89.1
89.2
88.8
88.6
88.6
88.2
88.9
89.0
89.3
89.0
89.1
89.5
89.5
89.6
88.9
88.7
89.1
89.1
88.5
89.5
88.6
202
89.2
222
218
182
215
217
192
189
0.975
1.02
0.949
0.930
0.907
0.938
0.939
0.909
0.950
0.981
0.927
0.959
1.23
0.981
1.07
1.06
0.967
0.940
0.976
1.02
0.900
0.997
1.06
0.971
0.913
1.12
1.25
1.30
1.31
1.17
1.15
1.11
1.23
1.14
1.23
0.906
0.923
1.18
1.07
1.21
1.23
1.11
0.958
1.12
0.997
5.13
0.987
1.01
1.04
1.11
1.06
1.01
1.00
0.947
1.02
1.02
0.972
0.989
1.16
1.18
1.08
1.17
0.952
1.06
1.01
1.27
0.993
1.05
0.998
1.12
1.14
1.03
0.988
1.00
1.00
1.08
1.05
1.08
1.31
1.15
115
265
179
185
310
193
224
359
48.2
291
259
298
196
343
193
173
86.8
316
214
208
315
240
261
274
343
343
249
292
251
298
200
170
149
71.4
73.7
48.7
49.1
69.3
48.1
48.4
48.7
49.0
48.3
108
81.9
206
63.4
315
19.9
21.8
24.5
24.8
25.2
26.5
20.6
20.6
24.6
20.1
28.9
21.9
23.5
21.8
28.6
21.8
20.0
22.5
33.4
18.8
25.5
33.3
46.5
42.5
53.2
43.8
37.0
24.8
47.4
23.4
26.9
22.4
28.0
24.3
25.4
19.8
20.4
22.2
26.3
18.8
23.4
26.2
26.1
23.0
28.1
23.4
22.8
21.0
1.00
0.978
0.906
0.905
1.06
1.10
0.960
1.05
1.19
1.02
1.08
1.32
0.969
0.957
1.04
0.954
1.00
0.989
1.28
0.963
1.11
0.983
1.10
1.03
1.07
1.10
82.3
76.2
76.3
76.0
76.0
75.9
76.2
78.1
76.1
76.4
76.5
78.0
76.0
77.0
78.2
76.1
76.3
76.0
76.6
76.2
76.2
76.0
77.0
77.3
77.0
76.9
76.2
76.0
76.3
77.3
76.1
76.0
76.0
99.2
76.1
76.0
76.0
76.0
76.5
76.0
76.0
76.6
76.0
76.5
76.0
76.3
76.3
81.0
78.7
79.1
80.0
84.0
77.4
81.4
81.8
80.1
80.2
82.3
78.4
87.1
80.4
87.0
80.4
77.4
82.1
82.3
79.4
79.6
79.9
82.7
82.4
79.8
80.3
79.1
76.8
86.0
93.9
85.6
85.4
93.7
87.4
87.3
88.1
83.1
83.8
98.3
77.6
77.8
78.0
208
78.5
79.1
122
107
80.0
46.2
46.9
47.2
46.4
46.3
47.1
48.6
51.1
59.8
56.9
54.9
58.6
59.5
51.6
53.4
56.1
46.9
56.1
107
55.3
53.2
70.9
85.2
83.0
71.6
51.3
54.1
57.7
51.6
54.1
46.1
46.4
46.3
46.6
46.5
46.3
45.8
46.5
46.9
46.1
48.7
102
46.7
92.3
64.8
93.4
33.3
27.3
33.1
35.1
27.0
29.9
26.3
62.5
34.7
34.7
53.8
30.2
29.6
28.5
31.0
29.4
30.8
32.3
29.1
39.6
29.5
29.3
26.9
31.1
32.2
31.1
26.0
31.4
30.6
29.4
37.8
37.1
38.0
37.5
36.6
37.6
40.1
37.0
37.8
39.4
36.2
37.5
40.0
38.8
76.7
49.2
70.4
15.3
16.7
13.4
16.6
16.6
14.7
15.4
16.6
15.3
15.3
14.3
13.2
17.2
13.2
16.2
16.5
15.9
15.1
16.6
17.5
16.6
15.2
16.4
14.8
13.5
12.8
18.0
16.1
14.5
13.7
15.4
13.9
15.9
13.5
14.8
13.9
16.0
16.6
14.4
14.3
12.8
15.1
24.1
16.8
15.4
14.6
16.3
13.0
32.4
29.3
29.4
29.6
28.2
30.5
30.2
43.8
30.3
30.4
92.8
29.7
30.3
36.6
34.9
41.7
30.8
30.4
30.7
30.2
41.7
32.8
35.5
32.2
32.5
28.7
45.5
32.3
40.5
31.1
31.0
41.0
48.0
208
30.3
41.8
41.1
29.8
32.8
30.9
31.4
37.6
36.6
29.6
39.0
28.5
30.0
29.7
0.914
1.04
1.06
1.01
0.984
0.953
0.941
0.983
0.864
0.859
0.915
0.901
0.910
0.970
0.892
0.911
0.865
0.945
1.01
0.879
0.903
1.10
0.970
0.906
2.13
1.03
0.907
1.11
0.941
0.947
0.980
0.987
0.976
0.919
1.00
0.894
0.907
0.906
0.922
0.906
0.913
0.908
1.01
0.928
0.941
0.865
0.897
0.996
101
97.9
96.7
96.2
98.0
105
95.0
97.2
99.1
95.8
96.7
96.5
95.1
97.4
98.4
97.5
96.2
96.0
98.1
96.9
97.8
98.7
102
94.2
101
94.8
100
99.1
96.2
95.1
103
98.0
101
98.0
97.8
100
99.6
91.1
92.2
97.5
94.8
95.8
95.5
97.2
98.5
100
110
95.6
13.7
12.1
11.8
11.8
12.2
13.0
14.4
11.5
11.2
12.3
12.5
11.8
11.7
12.5
12.2
12.6
12.3
12.5
11.8
12.4
12.9
12.5
10.8
13.7
11.8
12.2
11.6
13.4
13.3
12.7
11.1
11.4
11.1
12.9
12.4
12.1
11.4
11.9
12.0
10.3
11.4
11.1
12.6
11.1
11.8
11.6
12.1
10.6
105
105
105
107
107
105
107
107
106
105
106
566
1379
106
106
1441
105
106
105
1500
1466
105
105
104
1466
1334
106
1417
104
1311
106
107
1235
106
107
107
106
106
105
104
105
105
106
106
105
106
106
105
46.0
45.5
46.2
54.5
45.9
53.2
44.7
80.4
47.2
46.4
47.6
46.3
45.9
47.5
47.9
54.7
52.9
72.3
46.7
58.6
46.8
55.7
46.9
46.1
49.6
49.7
46.8
54.9
45.4
58.8
46.7
55.7
55.8
56.1
45.0
106
47.8
85.7
46.9
58.5
47.1
54.4
46.1
54.8
46.0
46.6
47.0
48.3
45.7
42.8
45.4
51.5
58.2
43.7
53.2
43.7
47.7
43.1
43.6
51.6
44.4
43.7
43.9
44.7
43.3
44.2
43.7
44.2
42.4
63.3
53.7
50.0
43.9
64.3
44.1
43.5
43.7
43.0
44.6
44.8
39.4
50.8
43.8
43.2
52.5
44.5
49.4
43.9
44.1
49.4
52.3
52.7
50.4
51.7
54.0
43.1
79.2
80.2
79.5
79.5
79.6
79.5
79.2
79.2
79.1
79.4
79.3
80.2
92.7
75.4
75.3
79.4
79.6
79.4
82.6
80.0
79.6
92.6
79.5
74.8
81.0
79.5
75.0
74.9
79.2
79.5
79.2
79.3
79.5
79.6
79.8
79.2
79.5
79.4
79.4
79.6
79.9
77.9
80.2
79.5
133
134
133
134
81.6
81.4
92.8
312
115
112
86.5
90.0
89.4
90.3
90.2
90.6
83.5
89.9
90.3
91.8
89.0
90.6
81.3
92.0
90.8
98.4
107
129
91.8
349
91.5
103
80.9
99.8
80.8
81.6
80.5
89.1
87.7
90.1
91.2
81.1
81.7
92.2
94.5
88.9
90.1
90.5
90.4
88.0
94.8
142
1.01
1.08
1.00
1.02
1.07
1.12
1.01
1.07
1.08
1.15
1.12
1.18
1.02
0.976
1.00
0.962
0.966
0.983
1.06
1.20
0.908
1.13
0.999
1.11
6.54
16.7
18.4
18.6
17.1
18.7
18.9
20.3
17.9
17.4
17.3
17.5
17.1
16.9
16.5
19.0
18.9
19.0
16.6
24.6
18.0
21.2
23.1
34.7
43.1
39.7
38.0
43.2
29.4
46.3
17.0
16.5
15.9
15.8
16.5
15.5
17.2
17.7
16.4
15.5
16.6
16.5
18.2
18.0
15.9
16.5
15.9
17.6
17.1
0.936
1.00
0.976
1.06
0.937
1.02
1.00
0.982
1.28
1.01
1.03
1.06
1.18
1.03
1.00
1.14
1.07
1.09
1.05
1.05
0.955
0.955
0.956
0.968
1.07
0.965
1.29
1.27
120
129
149
77.9
78.4
81.0
79.1
83.6
81.0
81.1
79.0
79.5
79.5
79.6
79.1
81.5
82.7
80.7
81.8
79.7
85.9
79.4
79.4
80.8
78.0
81.9
79.5
78.2
79.6
79.0
79.2
79.5
84.9
88.5
83.9
86.5
82.7
82.1
83.7
85.1
84.0
81.7
79.6
78.9
78.2
78.2
81.1
80.0
81.5
80.7
81.5
28.1
28.0
30.0
29.5
28.7
43.2
26.9
29.8
55.3
26.5
27.0
27.2
33.6
30.9
44.2
30.9
30.1
26.7
28.3
27.3
29.4
26.8
31.6
31.3
30.3
27.4
26.5
48.0
27.2
27.6
41.7
28.7
27.1
27.2
37.0
27.4
25.8
30.1
27.3
25.6
27.4
29.0
27.3
30.4
25.0
28.3
25.6
48.7
80.9
76.8
77.3
76.6
76.7
76.6
76.5
77.3
77.1
77.2
79.7
79.5
79.7
81.0
80.6
81.1
81.1
80.9
80.0
80.2
83.7
81.0
80.9
80.6
80.9
79.9
83.6
83.6
80.9
77.0
76.9
79.7
79.8
86.4
80.1
77.3
77.2
79.9
77.0
80.4
83.4
80.5
80.4
79.7
83.5
86.3
73.2
76.7
17.7
17.9
17.7
17.5
18.8
18.3
18.1
17.7
17.7
17.9
17.7
17.7
18.1
17.6
18.5
18.2
17.6
17.9
18.0
18.0
18.4
17.9
17.9
18.7
17.9
18.9
18.0
17.7
18.0
17.9
18.4
19.5
17.7
18.6
18.6
17.6
17.8
17.9
18.2
18.0
18.0
18.3
17.7
17.5
17.8
17.6
18.0
18.2
0.953
1.10
1.01
0.970
1.12
1.02
1.08
1.01
1.01
1.07
1.03
1.17
1.03
1.10
1.04
1.02
1.21
1.09
1.09
1.00
1.05
1.01
0.981
1.00
1.05
1.11
0.976
0.983
0.990
1.05
1.08
1.00
0.974
0.999
1.07
1.01
0.973
1.18
0.979
1.02
1.06
1.08
0.969
1.00
0.967
1.06
1.07
0.951
1.10
1.17
0.966
1.02
0.965
1.07
1.06
0.993
0.970
1.03
0.943
1.12
1.21
0.944
0.995
1.04
1.08
1.08
1.06
0.976
1.17
0.922
1.16
0.978
1.05
67.7
63.7
57.0
62.6
61.7
65.2
62.6
61.1
66.3
60.4
59.5
78.5
58.3
61.8
66.5
61.0
63.0
74.0
59.8
64.6
65.7
60.5
67.3
61.7
61.4
57.9
55.6
66.2
62.0
69.5
69.8
68.6
66.1
71.7
68.8
73.8
68.4
69.6
67.9
58.2
61.3
68.8
64.2
61.7
61.4
64.2
65.4
60.7
1.12
0.932
0.981
1.09
1.00
0.923
0.919
1.01
1.00
1.09
0.893
0.926
1.11
0.977
0.966
0.994
1.05
1.05
1.07
1.09
0.984
0.938
1.01
0.974
0.942
67.3
64.8
64.1
67.0
67.5
66.2
63.7
76.9
64.6
65.7
64.5
65.7
74.4
71.8
64.1
66.0
66.3
65.6
66.9
63.1
68.4
68.3
70.3
73.8
65.9
64.9
65.8
67.8
70.6
75.4
75.2
75.9
75.5
75.8
76.9
74.1
75.1
75.2
66.4
66.6
64.9
63.8
64.4
63.5
66.0
64.1
64.2
65.1
103
99.6
102
104
104
101
115
103
102
103
94.1
93.6
93.6
104
101
104
101
94.7
94.7
190
92.4
95.4
96.3
103
94.4
101
94.1
93.3
93.9
104
95.5
119
93.9
101
105
93.7
103
92.7
96.2
102
105
102
100
127
106
102
125
101
92.2
91.4
92.3
91.8
91.2
93.1
90.3
93.2
92.7
91.5
91.9
90.9
100
91.6
93.4
91.8
91.3
93.2
96.3
91.9
96.8
93.3
92.1
92.0
92.1
93.3
93.2
91.4
91.5
90.5
91.2
96.4
92.5
92.6
91.1
91.6
90.2
83.9
83.3
91.3
97.6
91.7
92.0
91.7
92.4
92.2
93.3
92.1
26.6
25.7
25.6
25.8
26.5
26.6
25.8
26.6
25.7
25.7
26.6
26.6
25.8
25.7
26.6
25.6
26.5
25.7
25.7
25.6
25.7
25.8
26.5
26.7
26.7
25.8
25.6
25.6
26.6
26.6
25.8
26.6
26.5
26.6
25.7
25.6
25.6
26.7
26.7
25.5
26.5
26.6
26.5
26.5
25.8
25.7
26.7
25.6
52.6
51.4
49.0
50.6
49.1
49.6
48.8
53.8
51.4
48.9
50.7
51.0
50.1
50.8
50.0
50.2
50.8
53.3
52.2
51.0
53.5
72.5
56.7
53.2
50.0
50.2
54.8
59.3
55.6
56.1
50.9
52.5
54.8
51.5
50.5
52.3
52.0
51.0
54.4
49.7
52.0
50.7
49.7
50.0
50.5
50.6
53.1
51.0
43.9
45.2
42.9
42.2
44.2
45.7
45.5
45.2
54.1
46.7
41.8
43.0
42.4
47.2
45.2
42.9
45.9
43.5
46.1
49.1
44.6
49.9
43.7
43.9
45.6
43.0
44.7
42.9
56.3
60.1
54.4
57.1
53.8
55.2
56.5
54.5
58.4
49.7
43.9
41.6
43.7
42.7
44.6
43.2
43.0
41.3
45.5
77.4
90.1
77.6
77.7
285
158
172
77.4
77.5
275
125
117
80.5
290
240
360
77.5
82.6
77.6
77.4
309
240
154
144
286
77.4
272
242
301
370
304
175
146
199
126
228
225
249
193
120
330
128
77.7
77.5
77.5
77.3
77.5
0.990
1.04
1.05
0.946
1.01
0.932
0.965
1.15
1.09
0.969
0.957
0.963
0.950
1.03
1.00
1.03
0.910
1.02
0.987
1.06
0.933
1.04
1.05
0.983
0.950
0.952
1.01
1.05
1.11
1.24
1.24
0.918
0.986
1.07
0.984
1.11
0.945
0.959
4.16
0.998
1.08
0.955
1.01
27.1
0.976
1.05
0.931
0.675
0.721
0.893
0.691
0.654
0.609
0.710
0.804
0.625
0.699
0.627
0.625
0.689
0.681
0.828
0.765
0.735
0.650
0.687
0.627
0.657
0.670
2.10
0.580
0.688
0.766
0.678
0.594
0.677
0.679
0.683
0.590
0.754
0.703
0.659
0.637
0.656
0.616
0.602
0.741
0.687
0.604
0.618
0.636
0.662
96.5
88.5
93.5
77.8
86.6
80.1
87.9
78.6
80.2
79.6
78.3
78.8
78.6
80.4
81.3
100
81.2
118
103
88.9
83.4
83.4
81.2
91.8
84.6
79.1
84.4
85.9
90.2
89.9
140
86.6
87.5
85.7
83.2
83.4
82.7
83.8
81.2
79.8
79.6
78.9
79.1
82.5
84.1
84.1
81.0
84.4
1.13
1.04
1.04
1.01
1.09
0.989
0.988
26.2
1.04
1.08
1.04
1.03
1.03
0.996
0.995
1.00
1.05
29.4
0.998
0.948
1.01
1.07
0.951
1.05
1.01
0.977
1.04
0.980
1.09
1.07
1.08
1.04
1.10
0.983
1.24
1.07
1.02
1.03
1.12
1.00
1.02
1.10
1.07
1.13
1.03
1.02
18.5
16.1
17.1
18.3
14.8
17.0
15.0
20.5
23.1
19.2
20.5
18.1
16.2
18.7
19.3
17.9
17.5
20.2
22.0
18.8
23.7
18.4
16.0
18.3
17.1
18.0
29.3
18.6
18.8
17.4
24.8
17.5
18.8
17.0
19.6
19.3
20.1
19.1
17.1
21.9
23.4
18.5
16.2
15.7
17.6
17.5
15.0
16.9
0.880
0.878
0.892
0.941
0.967
0.861
1.07
0.917
0.997
0.941
0.915
0.888
0.920
0.912
1.01
1.04
0.971
1.04
1.00
0.941
0.984
1.01
0.985
1.07
1.06
0.903
1.02
0.868
0.881
0.878
1.00
1.07
0.977
1.14
0.985
0.944
0.967
1.06
0.932
1.01
0.905
0.858
0.890
0.765
0.569
0.632
0.619
0.732
0.780
0.700
0.683
0.621
0.692
0.678
0.637
0.672
0.742
1.05
0.774
0.842
0.747
0.771
0.756
0.664
0.721
0.672
0.753
0.711
0.816
0.747
0.747
0.780
0.600
0.727
0.671
0.733
0.756
0.615
0.791
0.865
0.679
0.609
0.622
0.655
0.694
0.596
0.673
0.794
0.768
0.616
0.976
1.01
1.16
0.941
0.927
0.989
0.927
0.971
0.935
0.917
0.930
0.994
1.05
0.984
1.02
1.02
1.03
0.983
0.867
1.11
0.910
0.978
0.871
1.07
0.942
0.885
25.3
0.862
0.964
0.872
0.942
1.05
0.986
0.953
0.942
0.952
0.983
1.00
0.908
0.859
0.855
0.976
0.892
0.885
0.723
0.716
0.642
0.645
0.671
0.780
0.731
0.744
0.689
0.809
0.801
0.850
0.704
0.719
0.683
0.843
0.743
0.877
0.754
0.847
0.669
0.732
0.703
0.665
0.792
0.843
10.3
0.927
0.834
0.825
0.822
0.778
0.819
0.735
0.786
0.806
54.7
0.831
81.5
80.8
82.8
81.5
81.3
81.6
80.5
81.9
81.7
81.4
81.5
81.3
82.7
82.5
82.7
81.4
81.2
81.7
81.5
76.1
77.0
76.2
80.7
81.2
77.6
76.6
82.0
81.3
83.2
83.0
80.7
81.8
82.9
83.1
81.8
83.6
80.7
80.4
80.5
81.4
82.8
81.8
81.3
81.5
135
131
131
135
60.7
62.0
64.2
66.6
59.0
60.5
58.1
66.2
60.0
58.8
57.4
59.6
61.7
59.7
72.6
57.9
56.9
62.9
62.0
62.3
61.2
65.2
57.3
59.4
63.7
65.4
67.2
61.9
64.7
65.0
64.4
62.0
59.1
60.7
66.8
60.9
63.7
58.1
65.1
61.3
66.9
60.8
63.1
64.6
62.3
57.2
67.2
58.6
1.06
1.05
0.981
1.11
1.00
1.05
1.08
1.05
1.05
1.11
1.06
0.987
1.05
0.960
1.06
1.00
1.05
1.00
0.950
1.03
1.13
1.01
1.05
1.02
0.991
1.09
1.22
1.14
1.04
0.972
1.02
0.933
0.956
0.981
1.05
1.10
0.974
1.03
0.915
0.949
0.988
0.946
1.02
0.958
1.01
0.996
1.00
1.07
1.45
1.00
1.03
1.00
0.988
0.941
66.5
68.4
66.6
69.3
69.1
66.4
67.6
65.6
66.5
66.7
68.1
68.4
64.8
68.6
66.8
66.9
68.3
66.9
67.2
70.2
70.4
70.4
69.8
70.8
69.9
70.2
70.4
70.2
71.8
125
70.3
70.2
69.7
70.5
70.2
70.3
70.0
70.9
69.2
70.0
70.2
70.8
70.8
70.5
70.9
70.3
70.4
65.4
60.5
61.8
59.3
64.2
66.9
58.2
59.6
60.3
62.0
61.8
62.6
58.2
64.2
59.5
60.9
59.7
63.3
59.0
60.7
59.4
61.9
60.4
60.1
58.7
62.0
63.7
60.5
62.9
59.8
60.1
65.7
58.9
60.8
59.9
58.3
59.8
60.3
59.5
59.3
58.7
60.2
59.9
59.4
58.6
59.3
57.9
60.5
15.5
13.3
14.2
15.1
15.0
15.0
29.0
28.5
15.0
13.2
14.9
15.3
14.3
14.0
15.7
15.4
13.6
15.8
13.9
17.1
15.3
14.2
15.1
14.1
15.6
14.7
14.9
14.2
15.1
14.4
15.1
13.2
15.0
13.8
14.1
15.5
13.9
14.4
15.3
15.3
14.9
13.9
14.4
13.7
12.8
15.6
14.5
14.2
0.967
0.969
0.955
0.983
0.989
1.07
1.08
1.07
0.990
1.11
1.04
1.00
1.10
1.11
1.18
1.13
1.09
1.01
0.941
1.03
1.03
1.09
1.11
1.06
1.04
1.07
1.16
1.12
1.03
1.00
1.01
0.996
1.14
1.27
1.10
1.14
1.00
1.12
1.08
1.15
1.46
1.00
1.15
1.03
1.06
1.11
1.07
0.615
0.680
0.767
0.711
0.757
0.758
0.640
0.686
0.686
0.699
0.697
0.833
0.655
0.709
0.638
0.640
0.742
0.785
0.611
0.676
0.631
0.774
0.698
0.746
0.713
0.707
0.726
0.675
0.752
0.728
0.677
0.710
0.734
0.779
0.652
0.748
0.684
0.678
0.675
0.691
0.630
0.765
0.643
0.719
0.731
16.6
16.5
17.6
16.3
17.5
16.7
18.4
18.8
16.5
17.1
17.0
16.8
16.9
17.6
16.2
17.7
17.6
17.3
18.2
16.8
18.3
29.2
25.1
40.4
42.9
36.1
23.6
17.6
43.0
16.7
17.4
16.7
16.7
16.7
18.0
16.8
16.4
17.6
17.2
14.1
13.9
14.1
13.8
12.9
16.4
17.0
17.9
17.9
0.866
1.03
0.938
0.989
1.01
0.913
0.954
0.888
0.938
0.876
0.940
0.912
0.924
0.908
0.881
0.897
0.879
1.07
0.954
0.870
0.942
1.03
0.976
0.921
0.931
0.939
58.7
58.0
58.2
58.1
56.3
58.5
58.3
56.4
58.0
58.6
58.0
57.2
58.2
57.6
62.6
62.3
62.3
63.0
63.2
63.3
63.7
61.7
62.1
62.2
63.0
61.7
63.9
62.7
62.1
61.9
63.6
62.0
62.2
63.1
63.0
62.2
63.0
105
61.7
242
190
166
63.0
62.7
64.1
63.1
62.8
62.8
63.0
63.2
63.7
63.0
63.2
63.2
62.4
62.2
63.3
62.4
63.8
63.6
63.4
62.8
448
25.2
23.2
28.1
27.4
30.0
19.5
17.7
31.6
18.9
28.0
29.0
30.0
47.2
29.1
30.9
30.9
28.5
30.2
49.2
29.0
45.0
29.8
29.8
50.4
31.2
47.6
27.0
45.2
27.5
48.1
26.8
28.6
29.6
47.2
48.1
47.2
45.9
46.9
47.7
45.0
45.3
27.8
44.8
46.1
52.3
29.3
27.1
29.4
28.4
48.3
79.3
79.1
78.5
78.4
80.1
78.0
80.4
78.9
78.4
80.9
78.2
78.6
78.9
79.7
79.2
78.2
80.2
79.3
79.4
78.5
78.1
78.9
79.7
100
106
103
95.5
90.1
81.2
82.2
83.3
81.4
82.3
82.6
82.7
80.9
80.8
82.0
106
82.2
80.5
81.4
80.7
80.4
78.1
79.1
81.2
78.4
29.7
29.3
28.3
28.0
29.6
29.1
28.0
28.7
28.4
28.4
29.9
29.6
29.6
29.0
29.1
29.4
28.4
106
29.3
29.1
30.0
29.0
29.3
29.4
31.0
28.9
29.5
29.3
28.9
29.5
28.8
29.6
28.0
279
27.9
28.5
149
195
252
421
427
29.1
28.8
30.9
29.6
29.5
29.1
28.1
83.2
83.3
82.9
83.6
83.3
83.1
84.6
84.1
85.0
85.0
83.3
84.1
83.1
84.4
84.3
85.2
83.2
85.1
85.0
85.0
84.2
84.7
91.8
84.3
86.4
90.4
87.5
84.0
84.9
86.4
85.6
85.5
85.8
85.3
83.9
83.7
85.5
84.1
90.5
83.5
92.7
85.8
84.7
84.5
84.1
85.5
84.8
82.9
90.2
89.7
93.2
93.6
95.3
91.2
90.9
91.1
92.2
90.8
91.2
90.4
91.6
91.3
91.8
89.8
89.7
103
91.7
90.9
91.0
91.7
109
112
117
98.2
104
113
86.8
87.0
85.8
86.9
88.0
87.4
86.5
86.1
86.9
87.8
86.8
85.3
84.9
87.2
86.4
86.0
278
87.8
85.7
86.9
73.9
106
188
236
189
35.5
43.5
35.2
43.9
37.7
37.3
37.2
40.5
38.1
38.0
40.6
44.1
45.3
35.6
48.4
37.0
36.3
113
38.5
53.2
57.4
42.9
248
39.8
75.6
157
7465
169
268
123
143
122
126
64.0
93.0
80.7
101
136
125
38.8
38.2
129
538
