82.6
83.0
82.5
81.2
81.4
80.5
80.7
83.2
80.4
79.8
81.2
387
82.3
83.3
40.9
41.5
37.3
38.1
36.9
36.3
37.2
36.9
36.5
38.2
36.6
60.9
37.3
40.4
70.2
47.4
72.3
50.0
65.3
45.4
65.1
40.3
37.8
100
42.7
61.2
42.6
62.1
31.2
30.8
31.6
31.7
30.5
30.4
30.3
30.4
29.2
29.0
73.8
69.2
69.2
69.2
72.3
153
69.3
69.3
142
633
51.5
51.9
51.7
51.5
51.3
50.5
54.8
51.4
53.4
50.2
51.4
51.9
174
83.4
83.7
83.2
83.7
83.1
83.0
83.5
86.3
83.5
83.6
83.0
83.5
96.9
83.2
53.0
79.5
51.5
116
53.4
52.3
154
53.3
53.4
53.5
75.1
187
73.5
72.0
75.1
73.5
75.6
78.0
73.1
76.4
72.5
78.5
73.3
78.9
82.6
79.3
74.6
74.3
73.8
73.2
74.3
74.2
74.8
74.2
181
166
73.7
175
157
207
54.8
54.6
54.8
45.5
57.0
44.7
57.2
57.9
54.8
46.6
55.2
54.9
55.7
57.1
86.9
88.6
92.0
89.2
91.9
95.2
91.2
88.5
93.9
87.4
88.2
87.5
88.4
95.5
37.8
38.5
37.8
38.5
38.4
37.8
38.3
38.2
37.9
38.1
39.5
37.7
38.2
55.1
78.4
56.1
55.0
55.2
74.5
61.5
144
67.4
59.9
54.7
56.0
54.0
155
34.7
34.7
34.7
34.7
34.7
34.9
34.8
34.9
33.8
34.7
34.7
34.7
33.7
34.8
71.4
71.3
70.3
71.2
71.3
71.2
71.3
71.3
70.3
71.2
71.4
71.4
71.2
71.3
50.2
50.3
49.0
50.2
44.4
43.1
42.1
45.1
40.2
40.7
44.1
50.8
42.6
40.5
23.3
23.4
23.4
23.4
23.3
23.4
23.5
23.4
23.4
23.5
23.4
23.3
23.3
23.4
63.7
64.1
68.8
65.6
59.1
65.3
60.2
63.5
63.8
68.0
63.0
61.4
65.0
67.1
74.2
74.7
74.4
75.8
78.3
86.3
74.8
76.9
79.9
74.4
74.2
73.4
17.5
17.6
17.4
17.8
17.6
17.5
17.6
17.8
17.5
17.5
17.6
17.5
17.5
17.7
38.6
35.3
37.9
36.6
38.2
37.7
36.1
38.5
38.9
35.9
38.8
37.9
39.2
36.6
35.9
36.2
36.0
35.9
35.9
36.0
35.8
36.1
35.8
36.0
36.0
36.3
35.9
36.1
39.4
45.9
41.5
73.1
45.3
45.2
46.1
37.5
37.0
36.4
50.0
46.2
43.8
44.9
103
109
100
103
101
100
102
100
102
101
100
194
100
101
17.9
19.5
18.1
17.8
17.6
21.4
18.0
17.5
18.4
16.5
18.5
19.2
11.8
22.8
25.1
26.4
26.3
26.3
24.9
24.9
24.9
26.3
26.4
25.0
25.1
25.1
26.4
26.3
69.7
69.7
70.7
70.7
70.8
70.7
69.7
69.8
70.7
70.6
70.7
70.7
70.6
70.6
551
354
481
660
340
749
560
563
463
297
471
359
516
91.6
89.6
92.0
87.3
91.4
92.0
89.4
111
88.8
113
88.1
89.0
88.4
92.4
52.3
53.1
50.6
57.6
47.7
38.4
58.0
50.0
56.0
55.0
59.6
60.5
52.6
39.2
37.2
37.1
37.1
36.1
36.7
34.1
35.4
36.8
34.4
37.1
37.0
37.0
35.2
34.2
37.3
38.0
35.9
38.3
41.7
49.5
43.4
38.6
36.7
38.5
38.8
34.7
36.5
38.0
47.5
37.4
37.4
45.8
47.4
45.9
47.2
45.6
46.1
47.6
46.9
49.7
47.9
45.8
34.8
34.9
34.7
34.8
34.7
35.1
34.9
34.9
34.8
35.0
34.9
34.7
34.9
34.8
35.2
35.8
34.6
34.8
34.8
35.0
36.0
34.3
93.3
34.0
34.5
33.9
34.2
35.5
40.5
40.4
40.5
40.2
39.3
39.5
40.3
40.3
40.3
40.4
39.5
39.4
40.2
40.2
213
49.2
40.2
45.4
31.7
54.3
39.3
362
276
41.6
37.5
32.5
31.7
32.2
27.8
28.3
28.8
28.0
28.3
28.6
29.0
28.2
31.5
29.8
28.0
30.8
37.9
28.0
21.7
30.3
19.5
75.4
24.1
17.3
17.5
17.5
17.4
17.3
17.3
17.3
17.2
17.2
1.00
1.01
0.999
0.933
0.929
1.08
0.930
0.959
1.07
0.995
0.963
0.901
0.895
0.926
83.7
84.5
77.4
80.1
80.0
79.9
83.4
83.3
86.3
86.4
83.7
83.6
83.7
73.8
18.1
18.6
26.3
28.1
20.8
26.0
24.4
24.9
25.0
25.7
26.2
19.8
21.7
21.6
22.8
22.7
22.7
22.8
22.7
22.7
22.8
22.7
22.8
22.7
23.0
22.7
29.5
22.8
32.0
42.1
37.2
52.5
36.8
31.8
31.3
33.0
33.1
34.6
37.0
31.2
30.5
29.0
39.9
87.6
40.5
36.7
46.5
44.1
42.7
39.3
65.2
65.3
91.6
72.2
50.7
51.8
57.6
58.5
67.3
58.8
57.0
59.3
67.2
66.3
60.1
57.7
141
58.8
59.8
61.0
22.7
27.1
22.8
22.8
22.8
22.8
22.8
22.7
22.7
22.8
22.8
22.8
22.7
22.8
17.6
17.7
17.6
17.5
17.4
17.6
17.6
17.9
17.6
17.5
17.7
18.1
17.9
17.6
96.1
97.8
95.1
98.9
99.4
96.2
98.6
96.6
94.6
96.1
99.9
95.7
94.9
95.2
35.6
35.4
35.4
35.5
35.3
35.6
35.7
35.5
35.4
35.4
35.6
35.6
35.4
35.4
14.1
14.3
16.0
14.6
14.1
14.5
14.3
14.6
13.7
21.9
14.4
14.3
13.9
13.9
35.1
35.3
35.2
35.2
35.3
35.3
35.3
35.3
35.2
35.4
35.1
35.2
35.2
35.3
35.7
34.9
36.8
37.2
35.1
36.6
35.8
34.9
35.3
36.2
35.9
35.5
35.4
35.6
93.9
93.8
93.7
93.7
93.8
93.7
93.8
93.7
93.7
93.7
93.8
93.7
93.8
93.6
0.954
0.951
0.975
1.07
1.04
0.923
0.929
0.981
0.956
0.924
0.982
0.997
0.975
0.966
48.2
51.3
48.6
52.2
52.3
53.4
53.7
47.4
68.8
200
314
56.7
46.5
46.5
0.957
0.967
1.05
1.01
24.0
0.954
0.951
0.967
0.973
1.01
1.03
1.05
1.02
0.932
35.2
35.1
35.1
34.9
35.0
35.3
35.4
35.1
35.2
34.9
35.0
35.2
35.1
35.3
91.3
146
90.8
119
116
94.0
109
89.7
184
111
105
108
150
89.7
34.6
34.9
34.6
34.7
34.6
34.9
34.6
34.8
34.7
34.7
34.6
34.7
34.7
34.6
57.7
60.3
61.2
60.1
58.1
69.1
56.2
62.9
60.6
62.2
54.5
65.0
56.0
63.3
35.3
35.4
35.3
35.1
35.1
35.2
35.4
35.2
35.1
35.1
35.4
35.1
35.3
35.1
23.3
30.2
24.9
26.0
27.0
26.3
23.9
25.5
27.1
24.6
31.1
25.8
27.3
23.4
11.8
10.2
10.6
11.5
12.5
11.4
11.0
11.1
10.4
13.4
11.6
12.0
12.3
11.5
35.4
35.5
35.3
35.2
35.4
35.2
35.3
35.4
35.2
35.6
35.5
35.2
35.4
35.6
93.3
93.8
94.1
93.5
94.0
94.4
94.6
94.2
93.1
97.1
91.7
93.9
94.4
95.1
25.2
25.5
25.2
25.4
24.8
25.3
25.3
25.1
25.1
25.6
16.3
16.9
17.0
16.8
16.5
16.5
17.0
15.5
16.1
15.0
14.7
16.5
21.4
79.9
79.8
73.5
73.8
73.5
73.6
80.7
80.4
83.7
83.8
81.0
80.7
80.7
77.3
79.9
79.8
73.4
73.4
73.5
73.4
80.8
80.3
83.7
83.7
80.9
80.8
80.7
77.4
35.5
35.2
35.5
35.4
35.4
35.3
35.4
35.5
35.5
35.5
35.4
35.4
35.4
35.3
22.7
22.7
23.8
22.7
22.8
22.8
22.7
22.9
22.8
22.9
22.9
22.8
22.8
22.8
24.4
26.1
34.8
19.9
26.0
24.9
19.3
24.6
22.2
22.4
40.4
52.3
23.5
26.0
80.6
80.6
80.8
83.0
83.0
83.2
81.6
80.4
80.8
81.0
80.8
80.1
80.3
86.4
16.9
15.6
20.5
16.1
16.3
16.2
13.8
17.7
17.1
18.4
17.4
33.5
31.8
16.7
34.8
34.9
35.1
35.1
34.9
35.0
34.9
34.9
34.9
34.9
34.9
35.0
35.0
35.4
35.2
35.2
35.4
35.2
35.2
35.1
35.2
35.4
35.2
35.4
35.2
35.2
35.3
35.1
34.9
35.0
34.8
34.9
34.8
34.7
34.9
34.9
35.1
34.7
34.9
35.0
34.7
35.0
35.4
35.2
35.2
35.1
35.2
35.1
35.4
35.1
35.2
35.4
35.8
35.3
35.2
35.2
35.5
35.6
35.8
35.7
35.5
35.7
35.4
35.6
35.6
35.4
35.3
35.5
35.5
35.9
6.75
6.72
7.14
7.43
7.48
7.48
7.40
7.05
7.49
7.18
7.15
6.73
6.79
7.12
0.925
1.05
1.10
21.8
0.982
1.01
0.964
1.03
1.10
1.18
1.85
1.06
1.11
0.928
7.47
7.68
7.57
7.57
7.54
7.57
7.48
7.76
7.51
7.60
7.58
7.62
7.67
7.73
133
132
133
133
131
133
131
132
131
133
134
132
132
133
67.4
67.0
67.1
66.9
66.7
67.7
67.2
66.9
67.5
67.5
67.8
66.7
67.0
66.7
72.8
72.7
72.8
72.8
72.8
71.8
72.7
72.8
71.9
71.8
71.9
71.9
71.9
71.8
157
157
156
154
156
137
156
164
157
161
143
156
178
110
84.7
84.2
85.2
84.3
83.9
83.8
85.8
84.6
84.5
83.9
85.1
85.1
83.9
85.9
99.5
64.1
64.3
63.9
64.3
63.7
63.6
63.9
63.7
64.1
64.3
64.2
63.9
64.0
59.2
59.4
59.2
59.3
60.0
59.3
59.6
59.1
58.9
59.1
59.6
59.4
59.6
59.5
77.3
77.2
77.3
83.1
82.9
83.1
80.8
80.3
80.6
80.6
80.6
80.5
80.2
79.9
83.4
83.3
77.0
77.0
76.9
76.9
80.4
80.1
84.4
83.5
82.6
80.7
80.7
80.0
91.2
308
91.1
88.4
88.4
95.3
88.3
88.8
89.5
486
90.4
91.2
88.7
89.8
15.9
14.6
14.6
14.9
18.2
14.2
16.9
14.7
16.9
13.4
15.1
29.6
18.4
17.5
37.1
39.0
39.5
39.9
37.1
39.5
57.2
36.8
38.0
38.3
37.9
38.0
64.2
38.9
28.3
29.0
31.4
33.7
30.0
31.4
33.1
28.7
34.5
32.5
31.2
30.6
27.5
31.3
45.1
45.6
45.4
44.9
45.2
45.5
45.9
44.6
45.5
44.5
45.3
45.4
46.0
45.9
123
123
124
124
124
123
123
124
124
124
124
123
124
124
21.7
14.0
13.9
13.9
13.9
13.9
13.8
13.9
14.0
13.9
13.9
14.0
13.9
13.9
137
36.8
36.6
47.8
48.8
37.7
48.9
56.0
117
46.6
48.4
46.0
48.4
46.9
57.6
48.5
69.9
104
58.7
56.4
55.9
123
78.2
157
72.8
57.4
58.5
129
52.0
58.6
53.8
52.2
54.7
56.3
58.7
52.3
50.5
54.5
64.3
62.8
58.0
63.3
57.3
98.4
91.7
443
94.7
98.6
436
267
105
437
285
281
394
317
94.9
59.8
31.2
31.1
31.2
31.1
31.1
31.1
31.2
31.2
31.1
31.1
31.1
31.1
31.1
31.1
39.9
51.4
38.8
41.2
38.4
40.3
39.9
37.8
40.3
38.8
40.0
43.2
37.7
57.8
7.68
7.63
7.66
7.67
7.59
7.75
7.67
7.69
7.65
7.69
7.78
7.70
7.68
7.78
44.4
45.0
44.5
45.0
44.7
49.6
46.2
163
44.7
44.0
44.6
47.0
46.0
45.3
66.2
66.3
66.2
66.3
66.3
66.2
66.2
66.3
66.2
66.3
66.3
66.3
66.2
66.3
22.7
22.1
22.4
22.1
22.5
22.7
22.2
22.4
22.1
22.5
22.3
22.2
285
22.3
45.8
49.2
52.5
54.5
46.8
44.9
51.6
101
45.4
45.9
44.0
46.3
65.2
45.6
41.7
40.5
41.3
45.2
41.0
44.3
50.7
48.8
42.0
41.6
41.8
44.7
47.4
39.0
42.6
43.0
42.2
42.9
43.3
43.4
43.0
41.8
43.1
42.3
42.1
43.7
33.1
32.9
31.9
32.6
32.4
31.9
32.5
33.2
34.9
32.7
32.4
32.3
32.6
32.7
35.9
35.2
48.5
35.6
35.3
46.1
35.6
35.5
35.1
35.4
35.9
35.1
35.1
31.6
7.36
7.42
7.35
7.35
7.41
7.44
7.36
7.29
7.33
7.28
7.43
7.37
7.34
7.38
46.8
46.7
46.9
47.0
46.1
46.4
46.4
46.6
47.1
46.8
47.4
46.7
46.9
47.1
26.8
25.8
37.7
26.9
23.8
44.4
21.1
31.3
26.7
24.4
31.8
29.5
22.3
22.6
39.3
40.5
38.9
40.4
32.0
41.3
41.2
44.1
320
86.8
145
34.2
406
87.2
74.1
74.2
73.6
73.7
73.0
74.3
75.1
75.8
74.1
73.8
75.0
72.9
75.3
46.5
46.7
44.4
65.9
54.6
46.5
46.4
46.1
44.7
46.3
56.5
47.8
46.8
46.6
44.7
43.2
44.6
43.6
43.1
46.6
46.0
63.3
45.1
45.3
48.4
46.9
46.4
47.9
52.0
77.1
53.1
52.4
51.5
52.5
52.3
51.8
53.2
53.3
53.1
456
51.6
53.2
41.3
41.7
40.0
42.1
39.6
38.9
41.4
42.8
40.7
41.8
39.2
39.3
40.1
40.2
30.3
28.0
29.4
29.0
29.3
28.5
29.6
30.1
28.8
27.8
28.6
28.7
29.1
31.0
95.6
99.5
94.6
95.2
97.7
124
97.2
94.7
97.2
95.9
94.9
95.0
99.4
96.5
29.8
14.2
16.9
14.9
15.5
15.5
16.5
14.6
14.4
13.1
15.0
21.8
26.6
15.9
91.1
136
92.8
180
192
126
171
95.3
92.0
89.8
92.3
90.8
91.0
90.5
96.1
94.8
96.2
95.0
100
96.2
96.3
98.4
95.2
100
95.0
96.9
101
99.5
65.1
65.9
66.0
65.4
65.4
65.0
65.2
65.2
67.7
65.8
65.6
65.5
65.5
65.0
96.5
101
94.2
99.3
101
98.7
97.1
99.8
99.5
97.0
95.7
117
98.1
100
48.5
48.8
48.3
48.1
48.5
49.0
48.7
48.6
49.2
50.1
50.7
52.7
66.6
48.5
83.7
82.9
99.0
83.8
83.9
83.7
83.0
84.2
82.8
84.8
85.6
84.3
88.8
84.1
116
123
142
331
128
133
116
105
1315
140
145
178
200
14.1
23.4
14.7
11.9
20.8
11.8
14.9
12.1
13.1
15.6
14.6
12.7
12.7
12.6
45.5
36.8
40.2
43.8
36.6
38.8
38.0
38.5
40.0
36.5
40.6
38.1
40.4
39.1
53.1
55.7
58.1
46.9
50.8
57.9
58.5
56.2
57.5
55.5
61.0
55.6
58.4
54.3
86.1
91.6
86.7
84.0
85.7
85.2
85.1
83.5
83.6
87.0
84.9
84.7
179
84.3
30.6
25.9
31.7
50.4
32.8
24.3
24.8
21.5
27.5
33.8
229
27.4
19.6
20.2
56.0
57.5
56.1
56.6
55.2
56.7
55.5
57.2
56.1
57.7
62.6
55.8
56.2
56.2
39.1
39.1
39.5
38.4
38.0
38.1
38.7
38.7
39.4
38.8
41.7
38.2
39.0
39.5
76.2
76.0
74.9
73.9
79.7
76.1
76.6
73.9
76.5
74.1
72.4
73.2
76.5
38.5
36.2
35.8
35.3
34.7
44.7
44.5
67.6
63.6
61.0
44.8
43.9
41.4
69.0
27.3
19.5
152
25.5
25.3
33.1
25.9
36.2
21.5
32.1
21.5
168
18.6
25.7
85.9
84.8
84.9
86.2
85.0
85.5
86.7
84.8
89.1
86.1
85.7
85.6
85.8
86.3
49.4
47.8
47.4
48.0
48.1
49.4
47.8
47.6
47.9
47.4
52.9
47.8
47.6
47.7
19.2
19.2
17.1
18.2
18.9
19.2
19.3
17.8
19.0
18.1
17.9
17.7
18.8
19.0
36.5
40.2
36.9
35.7
37.0
35.9
37.0
37.7
35.2
35.8
39.4
37.0
39.4
38.5
65.0
64.6
64.8
64.9
64.6
65.3
68.3
64.8
64.9
64.7
64.2
67.3
64.8
77.1
64.4
56.9
55.0
56.4
46.1
55.7
172
56.2
55.4
78.3
56.2
60.7
57.0
59.3
46.5
65.0
154
111
178
46.4
46.4
47.2
37.9
38.3
91.2
88.6
50.2
51.4
64.0
62.4
67.8
69.1
64.8
76.4
75.9
90.6
62.8
60.4
65.9
58.7
83.9
65.0
45.4
42.6
42.3
47.4
41.8
44.7
43.8
43.0
46.0
43.6
43.9
43.5
42.9
42.6
38.5
30.7
41.5
33.9
33.8
31.3
30.9
29.7
45.0
37.1
31.6
31.1
30.6
31.4
21.7
41.4
22.1
21.8
25.9
23.1
24.5
21.6
21.8
22.3
22.4
23.6
23.2
23.3
78.3
91.3
78.0
82.7
64.8
78.1
80.4
77.3
76.9
71.4
76.9
82.0
65.0
81.7
32.6
41.5
40.6
44.1
44.1
47.5
39.5
25.5
41.5
43.7
43.7
25.4
25.0
27.0
64.5
65.2
62.3
55.3
61.6
58.3
58.3
58.6
57.5
67.6
46.3
66.9
65.2
61.5
24.3
26.2
23.8
22.3
30.5
26.4
24.6
26.2
21.3
23.0
22.6
23.0
20.4
26.3
61.0
60.8
61.1
60.9
60.9
61.3
60.7
60.9
61.4
60.7
61.3
61.0
61.1
61.1
34.6
36.0
32.6
31.9
32.1
33.7
35.5
32.8
29.3
38.2
33.2
31.5
31.7
40.3
38.9
35.7
37.9
39.9
38.4
41.0
38.8
38.3
38.4
36.5
44.7
37.4
36.2
43.1
35.6
46.7
48.6
45.3
46.2
47.1
52.6
46.5
45.8
45.7
46.7
61.5
45.5
45.4
60.0
59.8
69.2
57.8
61.5
58.4
58.6
58.6
59.5
58.2
58.1
65.9
58.5
57.7
7.59
7.71
7.66
7.70
7.62
7.65
7.68
7.68
7.66
7.66
7.68
7.66
7.61
7.61
7.67
7.67
7.77
7.65
7.57
7.61
7.74
7.68
7.75
7.73
7.68
7.65
7.59
7.78
65.1
64.9
64.9
63.9
63.6
64.8
64.1
64.2
63.9
64.8
64.9
65.2
64.1
64.9
136
307
102
131
81.9
124
362
119
127
156
155
267
105
151
47.2
47.3
47.7
47.5
50.6
47.8
47.8
64.5
48.5
55.2
47.9
46.6
48.7
47.9
81.8
82.0
81.7
81.1
81.9
81.2
81.8
81.6
81.9
80.8
81.4
84.3
76.1
81.6
87.5
88.2
89.1
87.8
88.9
89.9
88.5
87.2
89.1
87.8
88.8
86.8
89.1
89.6
383
621
568
266
590
466
537
330
589
599
668
645
424
616
75.2
75.9
75.6
75.0
75.4
74.9
246
383
75.5
74.9
731
499
925
659
30.7
30.2
30.9
30.7
30.4
30.8
31.3
30.5
30.8
30.8
30.3
30.8
30.8
30.6
93.4
128
95.4
84.1
94.4
93.2
93.8
84.9
84.3
93.8
99.0
104
93.9
92.4
44.9
47.3
44.7
46.3
46.8
48.6
44.9
49.0
80.8
45.2
47.9
46.0
43.6
44.4
185
307
280
134
132
118
117
117
117
117
60.2
70.8
62.8
61.9
60.0
62.1
64.7
62.2
61.4
61.0
63.4
60.0
63.3
61.9
89.2
88.5
89.1
89.2
88.8
89.5
89.1
89.6
88.9
89.0
89.3
88.7
88.8
119
37.4
44.1
37.5
38.9
26.7
28.4
23.0
38.0
41.2
39.2
44.9
37.6
22.4
45.4
46.2
45.5
45.6
45.9
45.1
45.7
46.1
46.0
53.4
45.2
46.4
45.7
46.2
32.4
42.0
32.4
35.5
33.1
2599
3890
3041
2557
1297
2304
2123
2322
984
56.8
49.3
49.9
62.3
57.0
49.1
58.3
57.4
58.9
50.0
48.4
56.1
49.1
49.4
30.0
21.3
23.5
22.2
21.8
20.9
21.2
21.2
21.3
22.1
22.2
23.8
23.5
23.6
47.0
46.9
68.3
92.2
62.0
59.1
46.4
57.2
58.6
48.7
60.5
50.6
56.1
56.2
103
104
103
104
109
114
106
94.4
93.3
90.8
101
102
103
112
130
60.0
61.9
60.2
60.3
59.1
60.8
60.8
59.2
59.9
61.5
60.3
60.7
100
38.3
51.8
129
46.1
72.2
45.8
44.2
39.2
52.0
37.5
96.8
39.9
40.6
139
89.8
278
59.0
65.3
479
327
366
134
217
65.5
258
76.1
60.6
63.6
68.4
64.8
62.9
63.5
62.3
63.3
63.7
63.2
62.9
65.7
63.1
65.4
105
105
106
106
106
106
106
106
106
106
33.3
41.7
40.2
42.8
42.2
31.0
49.4
51.8
43.5
41.2
43.6
41.9
42.3
44.7
50.5
48.6
49.3
47.7
49.7
47.7
47.4
46.7
36.0
47.4
45.9
44.9
50.5
49.5
79.7
81.4
79.1
79.3
79.4
81.7
79.4
78.6
83.7
79.7
80.1
78.8
96.6
123
122
99.5
124
123
114
172
67.4
114
123
121
114
121
87.5
102
120
103
103
107
97.3
92.9
132
97.3
96.6
98.1
104
99.8
99.8
40.0
35.7
36.6
36.6
38.9
44.1
40.0
42.3
59.9
37.5
42.5
42.9
38.8
37.2
53.2
52.8
46.0
39.2
39.8
47.5
40.0
49.5
44.4
39.9
42.6
41.5
40.1
39.3
105
131
118
90.2
121
119
90.1
92.6
138
103
127
94.0
112
109
105
96.5
104
106
121
105
116
106
107
107
104
102
103
101
35.3
36.1
35.7
36.1
36.3
35.3
35.1
36.7
36.1
35.1
35.2
35.4
35.7
35.8
61.2
60.9
59.9
63.7
47.5
53.7
50.4
59.6
63.2
63.6
65.1
61.6
48.1
47.5
91.9
90.9
97.1
89.0
84.9
72.6
86.1
89.0
89.2
87.6
82.9
86.7
64.5
54.1
61.4
58.5
48.1
49.7
44.8
44.9
45.7
45.2
45.6
45.8
45.1
45.1
44.4
44.9
44.1
84.5
95.5
85.1
84.5
86.9
86.2
86.5
84.2
84.7
87.1
85.7
94.9
85.1
86.2
61.9
328
792
551
295
67.6
109
64.9
51.9
101
72.2
56.8
62.4
256
22.7
25.3
22.2
24.5
29.8
25.8
21.7
24.8
21.5
20.2
23.1
19.8
20.4
28.5
42.4
37.9
40.1
38.7
39.2
44.6
38.3
37.7
37.7
38.2
38.0
38.6
45.0
39.1
48.4
50.2
49.4
48.0
57.2
47.4
49.1
61.3
63.7
47.6
55.0
48.7
47.7
48.9
31.9
31.8
33.3
32.6
32.3
33.5
32.3
37.9
42.0
34.5
31.7
31.4
38.5
34.7
18.5
20.6
19.9
20.0
20.0
18.4
19.2
19.7
20.2
19.8
18.2
37.9
19.9
18.7
35.4
35.1
35.4
36.1
36.7
36.9
37.2
35.5
36.4
36.5
36.1
54.4
37.1
34.9
46.3
46.2
55.2
47.6
46.2
45.6
46.2
46.2
46.6
46.0
47.0
46.9
46.7
46.6
15.7
23.2
24.6
23.2
23.2
24.3
14.7
16.1
25.8
23.9
24.5
16.3
25.7
29.9
48.8
47.0
45.7
46.0
45.0
44.8
49.3
56.0
63.2
45.8
45.7
46.6
45.5
46.7
29.3
23.8
23.7
25.6
25.7
24.0
23.9
26.1
22.2
22.5
24.0
29.5
22.6
23.4
24.0
21.7
19.3
23.3
22.4
18.4
26.9
21.2
24.6
19.9
25.4
20.4
18.9
20.5
77.4
77.8
78.0
77.9
77.6
77.7
77.7
78.0
77.6
77.6
77.6
77.3
77.7
78.1
47.9
47.8
48.3
113
86.2
339
112
81.4
192
143
152
113
109
139
103
99.8
96.1
96.5
153
121
124
99.5
94.5
50.4
47.7
55.0
39.3
39.8
47.7
48.1
41.1
41.4
45.6
40.2
47.1
47.6
46.0
84.9
83.9
84.5
82.9
84.3
82.8
82.9
83.8
83.8
83.8
84.0
82.9
83.8
83.7
86.8
86.6
87.7
86.7
85.1
87.4
86.7
86.0
85.2
86.3
84.8
84.8
85.3
86.8
47.2
44.5
474
449
43.4
352
165
143
547
39.6
43.5
45.2
41.2
40.8
61.4
71.6
62.5
70.4
78.5
69.1
67.7
73.8
62.1
59.1
56.4
57.5
67.3
58.7
92.1
95.5
95.8
163
90.5
89.2
83.9
85.1
98.7
95.6
101
150
83.0
244
48.7
315
193
269
111
182
229
66.5
130
345
249
48.7
156
186
229
370
86.6
263
51.3
245
50.6
192
275
207
202
81.4
226
94.5
96.1
104
98.6
101
100
102
98.4
94.3
98.0
99.1
100
102
97.7
47.1
43.6
41.1
42.2
42.0
45.2
42.3
42.1
42.5
44.7
42.5
41.2
42.7
52.6
0.788
0.825
0.867
0.757
0.753
0.754
0.838
0.803
0.908
0.859
0.899
0.875
0.782
0.915
56.0
54.5
55.0
55.8
53.1
60.5
59.4
55.3
49.7
58.6
52.5
54.0
53.1
53.3
53.9
53.5
53.9
53.7
52.8
53.8
53.9
53.5
54.1
54.2
52.9
54.1
53.1
53.9
189
169
172
215
157
170
184
167
153
155
168
172
168
153
148
311
161
19.8
106
76.6
22.6
19.9
68.8
20.8
101
20.4
21.3
229
35.5
36.6
42.5
34.6
43.5
40.5
41.8
40.5
42.2
44.8
36.8
35.8
36.5
42.3
30.5
50.0
49.2
66.2
68.5
47.9
53.1
46.4
65.5
48.1
61.8
49.2
63.6
43.9
47.9
47.3
65.4
49.3
49.1
55.8
55.5
57.8
51.2
52.4
56.7
62.3
57.1
55.5
36.4
37.1
37.4
36.4
36.6
36.4
41.6
36.9
36.1
37.3
46.0
38.5
45.2
37.1
100
159
138
145
165
101
29.5
31.7
61.9
93.4
28.6
89.7
164
114
98.3
98.8
98.6
98.4
98.3
98.3
98.7
98.6
105
103
98.9
98.6
98.8
98.2
80.9
75.1
77.9
87.7
70.5
72.8
70.0
80.5
68.7
69.2
69.6
72.1
79.5
71.7
38.7
38.6
39.7
38.9
38.7
38.8
39.2
38.4
38.7
39.1
39.1
38.8
39.3
48.8
36.0
36.8
37.1
38.5
36.7
36.9
37.7
37.6
44.4
37.1
36.0
37.4
37.2
37.0
123
137
119
175
129
117
286
106
143
3251
149
171
125
28.7
32.3
58.1
44.8
31.9
30.6
35.7
172
128
49.1
81.0
89.3
37.0
48.5
48.9
47.8
47.4
48.2
46.7
48.7
48.2
45.7
44.1
44.9
47.4
35.5
54.1
71.1
72.2
72.3
72.5
72.0
71.9
72.9
72.3
72.6
72.5
72.5
72.0
72.2
71.5
72.3
47.7
39.0
41.1
43.2
38.9
39.3
38.7
40.0
38.9
39.7
40.7
39.7
38.9
40.4
32.8
33.6
34.1
34.0
35.0
50.0
33.8
34.7
33.6
33.5
35.1
34.1
34.8
32.9
59.9
58.5
52.9
53.7
57.9
72.1
49.9
54.1
57.1
55.3
53.0
65.1
56.0
55.0
90.3
89.7
88.6
79.9
267
80.2
88.6
200
91.1
89.2
125
314
91.5
40.5
41.8
44.7
42.7
44.0
42.3
100
107
103
96.1
99.6
96.3
97.0
101
102
103
101
95.1
94.9
98.7
87.8
796
80.1
152
187
81.8
88.7
79.1
149
271
318
308
800
79.7
110
93.5
77.3
74.8
72.6
96.5
75.7
101
76.7
100
81.0
91.4
115
78.9
31.2
37.5
43.0
34.8
47.1
81.5
41.9
32.9
30.7
75.3
72.4
37.7
50.9
31.5
12.4
12.1
12.3
11.7
10.9
11.8
11.4
13.6
12.3
11.2
11.2
29.8
12.3
14.0
31.2
19.3
44.4
27.5
33.0
26.4
31.6
26.6
35.0
29.9
29.4
31.2
28.6
34.7
109
115
166
105
106
104
111
109
109
106
105
110
99.9
107
78.0
45.6
74.9
75.0
77.5
42.0
41.9
41.3
41.6
41.0
42.0
41.3
48.9
40.9
43.2
41.9
42.3
41.3
41.5
95.4
92.8
95.1
93.1
93.6
99.6
94.9
112
93.8
97.1
95.8
94.5
93.7
93.0
59.5
59.1
59.2
59.2
59.4
59.1
59.3
59.9
59.4
59.1
59.4
59.0
59.3
59.3
21.1
21.2
21.2
21.2
21.2
21.0
21.2
21.2
21.1
21.2
21.6
22.0
21.3
137
138
134
132
133
133
129
136
131
132
130
130
138
130
45.7
53.0
44.6
38.9
40.0
39.7
45.2
43.5
44.0
38.6
45.8
41.9
44.8
44.0
65.1
67.4
318
162
65.4
65.4
91.7
235
81.7
65.2
65.6
87.8
81.6
221
40.7
41.0
40.2
41.1
41.0
40.3
40.5
114
41.2
41.1
285
40.4
41.2
40.9
43.2
43.0
42.7
45.4
44.2
43.1
42.8
43.1
42.9
42.5
45.8
44.0
42.3
42.3
30.4
30.3
30.4
36.9
31.6
29.8
30.3
39.0
30.6
29.9
30.8
30.8
38.7
39.3
50.0
51.5
50.1
61.1
49.7
51.1
49.8
50.3
50.4
51.0
52.6
50.3
52.1
41.9
40.0
38.0
37.2
38.7
42.1
34.6
46.1
38.3
35.5
37.2
36.1
38.7
40.2
39.8
74.9
64.3
70.6
51.5
68.2
90.4
93.1
77.0
82.3
92.0
67.3
98.4
91.8
51.2
44.7
37.4
38.1
48.7
37.0
37.8
37.5
45.9
48.7
55.8
46.2
46.3
60.7
61.8
28.4
26.8
27.7
26.8
26.8
27.0
27.2
26.8
26.5
26.6
25.4
26.0
28.6
31.0
45.7
49.1
50.7
45.9
46.4
48.2
48.1
50.7
49.0
48.2
51.6
50.8
47.3
48.9
38.8
45.0
41.3
38.7
40.3
38.7
40.0
39.1
37.7
39.4
37.4
44.2
38.7
39.1
76.7
76.1
75.9
90.5
76.4
92.1
123
75.2
89.9
77.5
77.3
81.5
75.0
105
55.3
53.9
55.8
54.4
55.4
56.8
53.1
54.8
53.5
56.4
63.6
55.6
54.2
56.2
51.5
46.9
46.8
34.1
65.9
49.8
37.8
33.4
35.9
57.5
32.5
45.4
57.9
47.2
107
110
108
107
109
108
107
108
108
107
109
110
108
109
250
270
255
254
263
255
63.6
220
287
251
281
312
312
2141
83.9
84.4
82.6
222
83.3
84.7
83.2
85.6
187
83.5
82.5
84.0
242
175
88.1
45.9
40.4
53.7
39.7
47.6
44.3
46.7
44.6
46.7
44.0
49.2
41.2
45.0
44.6
45.0
45.2
45.3
44.5
45.6
44.9
44.8
44.9
45.1
45.0
45.4
44.9
45.4
24.4
160
28.5
93.1
48.6
214
69.9
56.7
149
46.4
80.2
42.9
135
93.5
30.2
30.7
30.4
39.6
30.8
30.2
30.1
28.8
29.6
31.8
30.2
31.4
31.8
30.3
12.4
12.2
11.4
11.1
10.4
11.1
11.2
12.7
12.3
11.2
10.6
11.7
10.9
12.1
43.0
46.2
45.7
48.0
46.2
43.8
46.0
46.3
47.0
44.7
45.8
45.8
48.2
43.6
19.3
18.0
16.8
19.4
18.2
18.2
16.9
22.7
16.0
16.6
17.5
27.2
17.7
17.7
64.4
59.6
67.9
55.6
64.4
52.8
98.7
54.3
44.0
192
54.9
47.7
54.5
58.9
45.5
44.5
43.4
44.3
43.6
44.8
43.9
44.0
44.1
36.1
36.2
45.0
45.5
36.3
514
77.3
792
78.3
215
76.3
79.8
732
77.1
77.5
162
77.2
77.7
132
104
101
103
103
103
101
104
104
101
108
102
104
102
103
209
172
195
176
122
178
233
347
69.1
230
313
213
230
749
20.7
18.4
19.9
19.1
22.9
21.7
21.1
19.0
18.8
19.8
17.9
20.2
19.9
19.4
24.2
22.4
21.6
22.1
22.2
21.5
24.0
20.8
23.1
22.3
24.2
23.7
26.4
21.1
58.7
54.4
76.5
56.5
53.3
56.3
55.1
61.0
62.0
53.0
57.6
53.3
57.3
54.6
384
192
221
195
361
58.6
52.6
51.3
52.2
51.6
167
277
40.5
40.9
43.2
39.3
37.8
41.0
39.1
40.2
35.8
41.3
27.2
41.3
39.2
40.7
85.0
94.2
93.2
84.9
82.9
93.7
93.2
86.3
85.0
94.4
94.2
83.0
84.2
96.5
52.9
59.0
79.6
45.3
45.7
46.2
44.8
153
45.0
44.7
45.4
44.4
44.6
44.7
104
29.0
33.9
29.7
28.1
20.7
29.3
29.2
28.5
31.0
29.5
29.7
29.5
21.6
13.3
86.4
18.5
13.6
18.7
24.4
17.6
17.0
11.8
78.7
40.9
17.1
21.5
48.6
0.910
0.872
0.941
0.974
0.939
0.859
0.909
1.05
0.923
0.940
0.947
83.7
81.3
342
187
82.0
82.9
82.5
82.7
82.9
81.5
81.4
85.8
83.1
80.1
153
1191
549
1100
277
65.2
276
566
518
251
66.4
70.9
82.0
81.7
82.0
81.8
81.8
81.8
82.4
81.8
82.0
81.9
81.9
43.4
41.0
42.7
45.2
49.0
55.0
56.5
47.3
45.0
42.0
45.9
43.5
41.5
47.2
43.6
44.6
54.0
51.7
51.0
54.1
53.3
84.9
80.2
80.0
82.8
78.4
92.6
92.8
92.2
95.2
92.2
91.5
91.4
95.3
91.5
92.1
92.8
93.0
91.8
94.0
76.8
75.9
77.1
78.1
75.7
75.3
78.1
78.2
75.9
77.9
77.3
90.5
76.0
78.9
77.8
80.0
78.2
78.1
77.3
77.6
110
77.8
76.7
83.1
82.2
78.9
78.4
79.2
99.2
108
157
104
141
117
284
104
128
102
81.1
126
141
100
97.8
98.6
98.6
98.1
98.3
98.0
98.4
98.5
98.1
98.5
98.5
98.2
98.1
97.9
26.9
42.2
29.2
28.0
27.1
26.7
28.3
39.2
26.9
27.1
35.0
29.9
40.9
26.9
45.2
48.2
50.0
47.5
48.2
47.2
45.9
50.4
57.0
46.1
52.8
46.2
51.2
48.6
86.1
85.8
85.9
86.0
122
86.2
85.9
86.0
85.8
85.8
85.9
85.8
90.2
90.8
81.2
91.6
82.3
83.4
83.3
91.3
82.4
91.2
80.7
90.6
83.1
90.6
8.03
6.97
6.46
6.99
7.23
6.83
7.18
6.82
8.28
7.97
8.86
7.64
8.02
8.29
60.9
54.6
68.5
54.9
79.5
65.1
41.1
52.2
39.6
41.7
53.3
78.1
56.7
64.4
54.0
50.1
48.3
47.7
47.9
48.3
48.7
51.5
52.1
49.1
48.3
49.3
49.6
52.2
90.2
88.1
87.2
91.0
89.2
90.9
92.2
96.0
89.0
86.5
85.6
89.8
88.4
91.5
57.1
56.5
56.5
56.6
56.3
57.4
57.0
56.1
56.4
56.0
57.2
57.1
57.1
57.2
24.0
22.2
24.5
22.2
19.4
23.1
24.6
23.4
21.1
38.7
28.0
28.3
21.2
61.7
16.5
17.1
16.9
16.3
16.4
17.9
16.6
22.5
16.5
17.0
21.0
17.9
20.1
16.5
100
115
111
116
115
113
110
115
96.5
96.3
121
120
115
91.7
7.82
7.70
7.68
7.61
7.69
7.72
7.64
7.64
7.70
7.71
7.74
7.81
7.67
7.57
143
142
163
139
140
156
141
140
140
141
143
142
139
193
85.1
89.4
84.3
86.0
84.7
88.5
85.6
84.4
88.3
98.8
84.9
91.9
103
141
26.6
26.5
25.7
26.9
27.7
27.6
30.7
29.8
33.8
27.3
27.0
26.2
30.0
27.1
0.682
0.759
8.60
0.739
0.650
0.724
0.672
0.707
0.718
0.789
0.773
0.627
31.0
30.4
34.7
34.0
32.1
32.0
30.4
31.7
32.0
30.6
30.5
30.6
32.4
31.7
57.3
57.2
57.6
56.7
56.8
56.4
57.3
57.2
57.5
144
68.2
67.4
57.0
67.6
12.1
11.2
12.3
10.7
11.3
11.9
11.0
11.3
11.4
11.2
11.7
19.6
11.8
14.2
53.1
53.6
48.9
47.0
44.7
46.1
47.2
57.1
45.9
44.9
51.0
45.1
51.2
50.8
77.3
77.3
77.3
83.1
83.2
83.1
80.7
80.4
80.6
80.8
80.7
80.1
80.1
79.9
40.8
39.5
42.0
40.3
41.0
43.9
40.0
41.9
40.1
40.0
41.6
40.9
40.6
39.8
59.0
59.4
60.2
59.7
59.4
59.1
59.2
59.2
59.4
59.5
59.3
59.1
59.6
59.5
60.2
61.4
59.4
59.1
60.6
60.5
60.2
59.5
59.8
61.3
60.0
60.2
60.6
61.0
47.8
85.8
53.6
63.3
53.6
54.1
55.0
52.5
55.5
54.0
58.4
45.7
57.2
53.7
88.9
88.9
88.5
89.1
89.1
88.8
89.0
89.5
89.3
88.7
89.2
89.1
89.2
88.8
0.909
0.950
0.981
0.927
0.959
1.23
0.981
1.07
1.06
0.967
0.940
0.976
1.23
1.11
0.958
1.12
0.997
5.13
0.987
1.01
1.04
1.11
1.06
1.01
1.00
359
48.2
291
259
298
196
343
193
173
86.8
316
214
208
315
20.6
24.6
20.1
28.9
21.9
23.5
21.8
28.6
21.8
20.0
22.5
33.4
18.8
25.5
1.05
1.19
1.02
1.08
1.32
0.969
0.957
1.04
0.954
1.00
0.989
1.28
0.963
76.2
78.1
76.1
76.4
76.5
78.0
76.0
77.0
78.2
76.1
76.3
76.0
76.6
76.2
81.8
80.1
80.2
82.3
78.4
87.1
80.4
87.0
80.4
77.4
82.1
82.3
79.4
79.6
51.1
59.8
56.9
54.9
58.6
59.5
51.6
53.4
56.1
46.9
56.1
107
55.3
62.5
34.7
34.7
53.8
30.2
29.6
28.5
31.0
29.4
30.8
32.3
29.1
39.6
16.6
15.3
15.3
14.3
13.2
17.2
13.2
16.2
16.5
15.9
15.1
16.6
17.5
16.6
43.8
30.3
30.4
92.8
29.7
30.3
36.6
34.9
41.7
30.8
30.4
30.7
30.2
41.7
0.983
0.864
0.859
0.915
0.901
0.910
0.970
0.892
0.911
0.865
0.945
1.01
0.879
0.903
97.2
99.1
95.8
96.7
96.5
95.1
97.4
98.4
97.5
96.2
96.0
98.1
96.9
97.8
11.5
11.2
12.3
12.5
11.8
11.7
12.5
12.2
12.6
12.3
12.5
11.8
12.4
12.9
107
106
105
106
566
1379
106
106
1441
105
106
105
1500
1466
80.4
47.2
46.4
47.6
46.3
45.9
47.5
47.9
54.7
52.9
72.3
46.7
58.6
46.8
43.7
47.7
43.1
43.6
51.6
44.4
43.7
43.9
44.7
43.3
44.2
43.7
44.2
42.4
79.2
79.1
79.4
79.3
80.2
92.7
75.4
75.3
79.4
79.6
79.4
82.6
80.0
79.6
90.0
89.4
90.3
90.2
90.6
83.5
89.9
90.3
91.8
89.0
90.6
81.3
92.0
90.8
1.01
1.07
1.08
1.15
1.12
1.18
1.02
0.976
1.00
0.962
0.966
0.983
1.06
17.9
17.4
17.3
17.5
17.1
16.9
16.5
19.0
18.9
19.0
16.6
24.6
18.0
21.2
1.01
1.03
1.06
1.18
1.03
1.00
1.14
1.07
1.09
1.05
1.05
120
79.0
79.5
79.5
79.6
79.1
81.5
82.7
80.7
81.8
79.7
85.9
79.4
79.4
80.8
29.8
55.3
26.5
27.0
27.2
33.6
30.9
44.2
30.9
30.1
26.7
28.3
27.3
29.4
77.3
77.1
77.2
79.7
79.5
79.7
81.0
80.6
81.1
81.1
80.9
80.0
80.2
83.7
17.7
17.7
17.9
17.7
17.7
18.1
17.6
18.5
18.2
17.6
17.9
18.0
18.0
18.4
1.01
1.01
1.07
1.03
1.17
1.03
1.10
1.04
1.02
1.21
1.09
1.09
1.00
1.06
0.993
0.970
1.03
0.943
1.12
1.21
0.944
0.995
1.04
1.08
1.08
1.06
61.1
66.3
60.4
59.5
78.5
58.3
61.8
66.5
61.0
63.0
74.0
59.8
64.6
65.7
0.919
1.01
1.00
1.09
0.893
0.926
1.11
0.977
0.966
0.994
1.05
1.05
1.07
76.9
64.6
65.7
64.5
65.7
74.4
71.8
64.1
66.0
66.3
65.6
66.9
63.1
68.4
103
102
103
94.1
93.6
93.6
104
101
104
101
94.7
94.7
190
92.4
93.2
92.7
91.5
91.9
90.9
100
91.6
93.4
91.8
91.3
93.2
96.3
91.9
96.8
26.6
25.7
25.7
26.6
26.6
25.8
25.7
26.6
25.6
26.5
25.7
25.7
25.6
25.7
53.8
51.4
48.9
50.7
51.0
50.1
50.8
50.0
50.2
50.8
53.3
52.2
51.0
53.5
45.5
45.2
54.1
46.7
41.8
43.0
42.4
47.2
45.2
42.9
45.9
43.5
46.1
49.1
77.4
77.5
275
125
117
80.5
290
240
360
77.5
82.6
77.6
77.4
0.965
1.15
1.09
0.969
0.957
0.963
0.950
1.03
1.00
1.03
0.910
1.02
0.987
1.06
0.710
0.804
0.625
0.699
0.627
0.625
0.689
0.681
0.828
0.765
0.735
0.650
0.687
78.6
80.2
79.6
78.3
78.8
78.6
80.4
81.3
100
81.2
118
103
88.9
83.4
26.2
1.04
1.08
1.04
1.03
1.03
0.996
0.995
1.00
1.05
29.4
0.998
20.5
23.1
19.2
20.5
18.1
16.2
18.7
19.3
17.9
17.5
20.2
22.0
18.8
23.7
1.07
0.917
0.997
0.941
0.915
0.888
0.920
0.912
1.01
1.04
0.971
1.04
0.683
0.621
0.692
0.678
0.637
0.672
0.742
1.05
0.774
0.842
0.747
0.771
0.756
0.927
0.989
0.927
0.971
0.935
0.917
0.930
0.994
1.05
0.984
1.02
1.02
1.03
0.780
0.731
0.744
0.689
0.809
0.801
0.850
0.704
0.719
0.683
0.843
0.743
0.877
0.754
81.9
81.7
81.4
81.5
81.3
82.7
82.5
82.7
81.4
81.2
81.7
81.5
76.1
77.0
66.2
60.0
58.8
57.4
59.6
61.7
59.7
72.6
57.9
56.9
62.9
62.0
62.3
61.2
1.05
1.05
1.11
1.06
0.987
1.05
0.960
1.06
1.00
1.05
1.00
0.950
1.03
1.05
1.10
0.974
1.03
0.915
0.949
0.988
0.946
1.02
0.958
1.01
0.996
1.00
1.07
65.6
66.5
66.7
68.1
68.4
64.8
68.6
66.8
66.9
68.3
66.9
67.2
70.2
59.6
60.3
62.0
61.8
62.6
58.2
64.2
59.5
60.9
59.7
63.3
59.0
60.7
59.4
28.5
15.0
13.2
14.9
15.3
14.3
14.0
15.7
15.4
13.6
15.8
13.9
17.1
15.3
1.07
0.990
1.11
1.04
1.00
1.10
1.11
1.18
1.13
1.09
1.01
0.941
1.03
1.03
0.686
0.686
0.699
0.697
0.833
0.655
0.709
0.638
0.640
0.742
0.785
0.611
18.8
16.5
17.1
17.0
16.8
16.9
17.6
16.2
17.7
17.6
17.3
18.2
16.8
18.3
0.888
0.938
0.876
0.940
0.912
0.924
0.908
0.881
0.897
0.879
1.07
0.954
0.870
0.942
61.7
62.1
62.2
63.0
61.7
63.9
62.7
62.1
61.9
63.6
62.0
62.2
63.1
63.0
28.0
29.0
30.0
47.2
29.1
30.9
30.9
28.5
30.2
49.2
29.0
45.0
29.8
29.8
78.9
78.4
80.9
78.2
78.6
78.9
79.7
79.2
78.2
80.2
79.3
79.4
78.5
78.1
28.7
28.4
28.4
29.9
29.6
29.6
29.0
29.1
29.4
28.4
106
29.3
29.1
30.0
84.1
85.0
85.0
83.3
84.1
83.1
84.4
84.3
85.2
83.2
85.1
85.0
85.0
84.2
91.1
92.2
90.8
91.2
90.4
91.6
91.3
91.8
89.8
89.7
103
91.7
90.9
91.0
35.2
43.9
37.7
37.3
37.2
40.5
38.1
38.0
40.6
44.1
45.3
35.6
48.4
37.0
